3000
1000
10     27
4     11
6     14
3     18
4     29
4     6
4     21
10     12
4     13
3     9
7     16
1     9
8     4
10     14
7     12
5     8
8     21
9     4
6     3
3     29
1     26
6     16
8     17
8     14
1     10
2     7
7     5
5     26
8     7
10     26
8     16
4     18
8     22
3     23
6     25
4     17
3     9
4     20
6     21
3     16
2     17
5     1
1     21
6     20
7     5
6     15
3     19
4     10
2     6
3     17
10     16
5     12
6     19
2     3
1     26
1     23
4     25
3     24
5     18
6     12
5     13
8     27
1     11
8     24
6     30
2     7
7     27
9     23
7     12
5     7
9     5
9     3
1     13
8     28
1     23
9     7
5     18
5     27
10     22
2     27
2     14
3     20
2     13
2     8
6     29
6     7
5     5
9     16
9     18
5     1
3     13
7     29
2     1
8     3
3     29
9     6
4     23
5     5
8     29
4     13
9     10
1     13
6     19
10     14
9     24
7     1
8     13
9     11
6     16
3     20
7     11
5     10
6     11
7     23
9     10
7     27
1     30
2     8
8     21
2     16
7     20
8     4
2     7
7     29
4     19
8     20
2     12
2     9
5     28
1     23
9     19
2     10
8     5
7     28
7     30
5     23
9     5
9     13
1     25
1     16
5     29
8     26
2     19
4     16
8     26
1     6
7     4
7     16
8     24
5     24
5     10
7     26
4     27
10     16
1     10
3     17
10     20
3     2
10     16
9     7
4     9
5     10
4     11
5     11
6     22
5     11
3     13
8     6
1     27
3     13
6     27
9     28
9     11
9     30
9     29
9     22
8     3
3     11
3     9
4     9
10     10
1     22
2     8
9     14
6     23
6     1
10     24
10     20
5     18
9     15
9     17
8     16
9     20
8     24
8     23
4     20
2     26
1     15
3     22
8     20
4     23
10     25
9     2
4     5
9     25
9     27
1     16
4     22
7     14
7     16
8     30
5     30
5     8
6     19
1     4
8     26
8     19
1     18
10     26
2     1
2     10
9     23
7     15
6     13
10     12
1     17
3     17
8     19
4     14
7     6
9     6
2     18
4     22
6     6
9     27
8     21
9     16
5     15
2     2
10     11
5     2
8     7
8     5
5     4
10     23
9     18
8     10
6     13
3     11
10     2
9     7
4     27
5     10
4     6
1     15
7     15
6     6
1     3
2     7
6     12
9     15
1     18
4     26
10     9
8     2
2     27
8     15
3     14
4     18
10     26
2     28
10     17
5     22
2     26
8     17
9     18
3     20
5     9
5     26
7     5
7     18
1     27
4     15
10     9
5     29
4     26
8     5
5     12
6     16
10     15
4     28
2     17
9     28
5     16
3     3
10     12
2     12
8     5
8     17
3     12
8     8
10     17
2     4
9     29
1     20
3     4
9     6
10     18
5     6
3     17
10     14
10     11
5     19
5     12
8     19
6     5
6     15
3     29
8     3
7     28
2     1
1     1
6     13
10     30
10     12
9     10
5     20
10     11
9     27
2     6
5     7
2     11
1     14
1     30
7     28
9     8
8     12
10     26
4     9
7     25
2     17
4     28
7     16
8     15
2     22
2     26
8     13
8     11
6     29
2     4
8     21
4     7
2     25
2     17
4     11
1     7
7     7
5     25
2     4
9     3
5     12
8     15
4     18
7     12
8     18
5     25
8     10
1     1
5     25
7     30
7     28
6     23
4     2
8     17
8     18
9     22
2     8
8     15
5     14
8     2
2     25
8     1
4     19
4     8
5     10
7     1
9     5
5     24
8     24
10     25
2     20
9     25
8     6
9     14
10     19
6     13
3     25
5     16
5     28
6     9
10     22
1     28
8     16
2     16
9     23
10     12
3     18
6     10
6     7
5     27
5     22
1     7
7     5
4     21
5     29
10     16
3     22
3     30
7     26
5     8
1     17
1     23
6     9
4     11
5     8
7     1
10     7
7     16
4     12
8     20
1     19
5     15
1     9
4     9
5     21
6     15
7     19
9     2
7     14
5     11
1     3
1     12
10     9
9     5
10     17
6     22
5     12
6     15
10     12
4     16
2     1
2     30
9     20
1     15
3     27
7     16
10     27
7     1
7     16
5     9
4     12
2     28
3     20
5     12
1     20
8     24
10     19
3     1
1     15
5     25
2     24
10     11
2     29
3     9
6     7
9     29
10     30
6     2
9     22
5     11
1     24
6     1
3     18
3     5
3     7
9     6
2     1
8     4
9     10
2     4
8     12
2     17
1     19
10     22
1     14
4     13
8     20
3     12
7     27
8     1
4     6
8     17
8     5
10     26
6     23
9     13
4     22
1     15
3     30
8     5
6     21
7     5
10     22
8     9
8     15
1     13
2     29
10     10
5     19
5     1
2     26
3     15
7     4
1     11
5     18
5     30
1     2
6     2
3     3
10     10
7     11
3     21
1     22
2     25
2     26
5     13
3     30
10     22
5     10
2     19
8     17
1     20
8     6
1     10
1     1
1     9
3     25
9     25
6     20
9     18
8     6
2     20
5     11
1     29
1     5
9     10
1     11
9     30
7     19
1     17
1     11
7     5
6     16
9     13
7     10
2     4
5     14
6     11
6     18
1     6
2     1
7     4
2     27
3     28
6     3
6     18
4     22
3     11
9     13
3     26
2     15
1     28
10     6
10     5
6     30
3     7
1     9
1     12
6     5
1     13
8     28
2     13
1     6
3     10
9     7
7     2
1     17
2     2
5     21
7     30
3     1
8     13
9     8
6     6
3     8
10     12
5     24
4     15
9     16
6     9
2     12
3     5
9     24
8     13
6     4
4     18
6     1
2     27
1     7
4     13
4     4
6     10
9     9
7     17
6     2
8     29
4     20
5     12
5     23
6     10
8     19
10     14
1     11
10     11
10     3
5     15
8     30
5     16
10     11
5     15
2     12
6     17
3     30
8     19
2     5
10     2
5     9
5     26
2     16
8     21
10     13
5     8
4     21
5     4
3     9
10     27
2     15
3     26
5     3
6     28
9     26
9     14
6     5
1     7
10     28
9     30
2     16
9     6
8     13
1     21
4     10
7     17
5     21
5     1
3     10
8     22
5     19
7     23
3     19
9     13
8     10
2     2
5     10
7     22
4     7
4     27
8     12
4     2
3     10
4     17
9     22
8     16
10     26
8     2
6     28
6     14
7     9
5     23
8     13
7     24
1     10
10     18
2     25
2     16
4     5
2     15
8     2
10     27
7     29
1     3
6     18
8     25
7     14
9     6
6     15
9     6
7     11
5     8
7     26
3     23
3     16
7     10
7     6
9     14
4     11
8     21
8     7
7     16
10     16
2     15
10     12
2     8
4     18
7     11
4     21
3     28
7     9
7     23
6     5
8     9
7     27
1     27
3     28
2     22
3     25
8     4
7     1
2     20
9     10
2     24
1     24
1     7
2     19
9     29
4     27
9     22
3     20
8     18
7     30
9     21
4     29
6     22
9     19
4     17
9     25
10     29
1     22
5     4
1     25
3     26
3     1
7     6
10     5
3     28
6     23
10     11
1     26
5     12
4     28
8     12
4     30
2     24
3     6
8     23
3     22
10     5
2     27
10     4
3     24
3     10
9     3
10     29
8     14
2     3
3     30
7     9
1     8
2     25
4     21
8     6
2     27
2     26
5     12
1     29
7     13
8     5
5     20
6     4
5     27
7     20
8     13
8     30
10     21
5     25
2     4
2     15
2     24
2     7
7     22
7     23
5     5
10     11
6     7
5     10
5     13
9     13
5     18
4     6
9     28
3     12
3     14
8     15
9     20
1     25
1     9
10     7
3     21
10     20
7     24
10     21
6     20
5     22
10     21
7     8
8     11
1     11
5     28
7     23
7     7
10     20
5     11
8     20
1     27
9     19
2     30
1     9
2     18
10     11
8     19
10     17
9     20
9     15
7     5
10     26
3     9
7     10
1     24
9     11
1     29
1     24
1     21
3     24
8     2
6     7
2     5
4     11
6     12
7     24
7     16
9     19
6     25
8     26
1     18
6     23
9     18
6     29
9     18
2     8
2     17
5     23
3     8
5     20
1     12
3     27
7     24
8     5
10     27
10     20
5     28
4     23
5     20
3     23
7     26
3     18
4     7
3     16
6     27
5     16
10     9
5     27
4     12
3     4
8     22
5     14
9     19
6     4
8     18
8     6
5     2
6     8
8     18
3     5
6     19
3     6
10     17
4     13
8     16
8     27
7     23
1     26
1     8
1     10
8     30
7     22
2     22
10     1
1     14
8     7
5     10
2     14
6     27
8     15
2     26
1     18
8     21
5     20
9     17
9     16
9     27
9     10
9     28
2     11
2     29
7     6
8     20
1     3
6     28
7     27
3     20
7     2
2     3
1     22
10     11
9     28
8     28
9     18
5     30
8     28
1     7
5     28
6     5
3     4
5     1
10     9
10     28
1     14
1     23
5     12
6     4
1     25
1     29
2     17
10     1
5     10
9     9
10     25
4     22
8     30
4     19
8     4
9     10
7     9
3     13
2     20
6     12
4     16
2     17
3     21
9     9
3     8
