2500
250
58     6
7     14
69     19
41     29
82     15
72     14
8     29
57     8
6     24
81     18
1     19
13     23
36     23
85     29
51     28
52     9
5     22
30     13
9     17
14     21
23     23
14     30
28     12
75     10
92     25
57     19
78     27
96     13
71     16
77     19
16     21
75     10
99     23
68     15
11     11
5     29
75     13
93     26
30     23
41     29
96     10
69     23
74     13
70     7
45     14
76     26
74     17
90     28
41     8
57     11
42     9
97     28
44     14
32     29
79     14
68     25
15     23
16     26
39     13
65     17
35     8
45     25
49     16
36     10
74     26
9     15
85     9
20     30
24     19
81     23
5     20
70     15
85     30
72     18
37     29
66     21
4     27
73     22
27     24
52     28
77     24
12     8
36     6
61     12
99     27
18     26
1     30
63     15
80     22
92     12
47     30
8     8
7     8
74     9
59     26
80     7
71     24
32     21
5     7
54     16
44     29
46     13
25     13
65     19
16     15
2     15
60     30
78     10
86     27
89     10
59     12
64     21
14     22
11     26
18     16
87     24
19     22
95     20
98     17
95     23
44     20
8     6
85     8
13     20
73     20
88     6
6     27
48     24
4     10
68     19
12     29
100     6
76     19
20     14
8     23
74     24
58     25
92     9
40     12
3     24
89     11
64     13
43     23
79     21
77     8
98     16
40     7
82     22
55     16
5     19
3     14
23     23
88     17
13     19
61     7
91     19
43     9
39     29
77     29
6     19
11     7
72     28
69     6
77     22
87     23
60     20
97     29
67     20
6     6
5     27
96     26
69     18
34     8
61     12
79     6
77     27
18     22
38     13
80     23
77     19
88     8
21     10
68     13
31     20
20     24
81     18
9     18
81     25
51     16
4     25
84     19
44     30
54     18
22     23
67     25
28     19
68     29
50     12
60     15
43     28
79     29
27     25
76     28
24     6
70     27
69     17
91     16
60     17
12     7
25     7
40     18
27     12
21     28
36     12
76     16
30     27
71     29
9     26
88     16
45     18
58     19
84     19
63     20
79     27
23     28
24     9
20     30
23     7
35     8
96     24
89     24
22     25
23     27
67     18
50     9
43     6
69     8
3     21
28     14
56     27
59     16
75     19
46     26
15     26
83     11
72     25
32     29
51     10
99     29
21     21
