1000
100
10     11
15     6
19     17
41     15
91     11
58     9
1     23
90     10
61     21
98     15
36     10
21     20
82     17
41     10
88     14
52     22
16     7
69     15
85     13
100     9
40     29
60     17
87     7
20     21
8     22
94     26
74     27
27     13
24     22
34     27
73     23
92     10
66     12
96     16
9     26
27     7
23     27
95     6
100     11
48     23
80     26
72     19
64     18
16     6
22     26
8     14
77     12
67     17
74     28
12     12
49     9
19     12
73     6
94     27
35     17
53     27
70     8
19     13
79     10
92     15
63     24
43     8
90     27
44     9
62     17
27     27
43     23
38     14
83     16
36     10
20     18
37     18
79     28
19     22
74     6
30     17
94     8
65     23
30     26
7     28
58     23
47     27
15     29
21     15
2     28
45     21
19     28
22     8
13     30
50     28
89     14
75     29
19     17
44     10
51     10
64     17
1     29
73     22
69     18
73     7
