2000
200
92     15
9     28
39     11
65     7
93     21
16     28
2     25
55     28
60     9
6     10
33     13
75     24
100     19
32     23
37     15
69     29
43     12
40     11
65     16
77     22
2     12
27     7
70     18
74     7
76     21
15     26
21     9
22     18
26     26
19     7
75     24
19     12
91     30
36     9
3     30
57     16
70     23
26     28
70     26
91     14
60     6
9     8
78     21
9     29
42     27
63     20
57     24
10     25
38     20
32     15
20     9
87     14
6     8
35     18
67     28
19     12
8     30
88     26
53     9
68     19
24     11
27     12
5     14
81     15
25     6
41     15
98     29
99     26
3     8
4     12
91     7
72     16
57     11
27     21
12     26
83     15
35     7
100     16
6     26
73     29
32     9
51     18
34     7
78     7
45     26
12     27
35     27
67     17
81     15
79     6
32     16
89     7
30     28
95     22
10     19
28     14
81     28
29     27
39     28
60     22
6     23
59     15
57     7
20     10
96     7
71     12
6     16
72     26
51     24
56     29
33     9
88     24
28     6
16     17
37     20
32     28
48     25
77     9
78     21
51     16
54     24
10     19
41     7
71     16
29     7
49     18
53     16
98     10
72     12
30     7
67     27
33     21
22     18
23     27
86     24
81     6
47     28
77     25
56     12
75     11
87     25
70     7
14     15
6     27
50     15
67     13
81     12
54     10
68     24
78     20
29     25
32     6
7     7
30     25
88     20
27     11
33     12
40     16
21     12
59     8
37     7
99     22
45     30
38     21
16     26
53     21
21     13
27     18
4     19
5     11
84     14
18     27
66     14
7     30
46     18
6     11
49     27
73     16
42     29
76     17
85     20
84     23
41     7
92     19
47     24
12     18
7     20
94     14
74     12
45     12
24     23
99     22
40     16
14     23
64     25
16     27
81     12
32     26
30     7
55     16
