LANZANDO AGG, Numero de simulacion:  1
0 0 0 0 0 0 0 0 1 0 1 1 1 0 1 1 0 1 0 0 1 1 1 0 0 1 1 1 1 1 1 1 0 0 0 0 0 1 0 1 0 1 0 1 1 0 1 0 1 0 0 1 1 0 0 0 1 1 0 0 0 1 1 1 1 1 0 1 1 1 1 1 1 1 0 0 1 0 0 1 1 1 0 1 1 1 0 0 0 0 
T_R:47.7778
ACIERTOS: 169   FALLOS: 11   Porcentaje Acierto: 93.8889
23.1193 seconds.
LANZANDO AGE, Numero de simulacion:  1
1 0 1 1 1 1 1 1 0 1 1 1 1 1 1 1 1 1 0 1 0 1 1 0 1 0 1 1 0 0 1 1 1 1 0 1 1 1 1 0 0 0 0 0 0 0 0 1 0 1 0 1 0 0 1 0 0 0 0 1 1 0 0 1 1 1 1 1 0 0 0 1 1 1 1 0 1 1 0 1 0 0 0 1 1 1 0 0 1 0 
T_R:42.2222
ACIERTOS: 170   FALLOS: 10   Porcentaje Acierto: 94.4444
20.9119 seconds.
LANZANDO AGG, Numero de simulacion:  2
0 1 0 0 0 0 0 1 0 0 0 0 1 1 0 0 0 1 0 1 0 1 1 0 1 1 1 1 0 1 0 0 1 0 0 1 1 0 0 1 0 0 1 0 0 0 1 1 1 0 1 1 1 1 0 1 1 0 0 1 1 0 1 0 0 0 1 0 0 1 0 1 0 1 1 1 1 1 0 1 1 0 0 1 0 1 1 0 0 1 
T_R:51.1111
ACIERTOS: 172   FALLOS: 8   Porcentaje Acierto: 95.5556
23.1172 seconds.
LANZANDO AGE, Numero de simulacion:  2
0 0 0 0 1 0 0 0 1 0 0 1 1 0 1 0 0 0 0 0 0 1 0 1 0 0 0 0 1 1 1 1 0 0 0 1 1 0 1 1 1 1 1 1 1 0 0 0 0 1 0 1 0 1 0 0 0 0 1 0 1 0 0 0 0 1 1 0 0 1 1 1 1 1 1 1 0 1 1 1 1 0 0 0 0 0 1 1 0 1 
T_R:54.4444
ACIERTOS: 168   FALLOS: 12   Porcentaje Acierto: 93.3333
20.6496 seconds.
LANZANDO AGG, Numero de simulacion:  3
1 1 0 1 0 0 0 0 1 0 0 0 0 0 1 0 0 1 1 1 1 0 1 1 1 0 1 0 0 0 1 0 1 0 1 0 1 0 0 1 0 0 1 1 0 1 0 0 1 1 0 1 1 1 0 0 1 1 1 0 1 1 1 0 0 0 1 0 0 1 1 0 0 1 0 1 0 0 0 1 0 1 0 1 0 1 1 0 1 0 
T_R:52.2222
ACIERTOS: 163   FALLOS: 17   Porcentaje Acierto: 90.5556
23.3777 seconds.
LANZANDO AGE, Numero de simulacion:  3
1 0 0 1 0 1 1 0 1 0 0 0 0 1 0 0 1 0 0 0 0 1 1 1 1 0 0 0 0 0 0 1 1 0 0 1 0 0 0 1 0 1 0 0 1 1 0 1 1 0 1 1 0 0 0 0 0 1 0 1 0 0 0 1 0 0 0 1 0 0 0 0 1 0 0 1 1 1 0 0 0 1 0 0 1 0 0 1 0 1 
T_R:62.2222
ACIERTOS: 165   FALLOS: 15   Porcentaje Acierto: 91.6667
21.3995 seconds.
LANZANDO AGG, Numero de simulacion:  4
1 1 1 0 0 1 0 0 0 0 1 0 1 1 1 0 1 1 1 0 0 0 0 0 0 0 0 1 0 1 0 0 0 0 0 1 1 0 0 0 0 0 1 0 0 0 0 0 0 0 1 0 1 1 0 1 1 0 1 0 1 1 1 1 0 0 1 1 1 0 0 0 0 0 1 1 0 0 0 0 1 1 0 0 1 0 0 1 1 1 
T_R:58.8889
ACIERTOS: 166   FALLOS: 14   Porcentaje Acierto: 92.2222
24.5852 seconds.
LANZANDO AGE, Numero de simulacion:  4
0 1 1 1 0 1 1 0 1 1 0 0 1 0 0 0 0 0 0 1 0 0 0 0 1 1 0 1 1 0 1 0 0 1 0 0 1 1 1 0 0 1 1 1 0 0 1 0 0 0 0 0 1 0 0 0 1 0 1 1 0 1 0 0 0 0 0 0 0 1 1 0 1 1 1 0 1 0 1 1 0 1 0 0 0 1 0 1 0 1 
T_R:56.6667
ACIERTOS: 164   FALLOS: 16   Porcentaje Acierto: 91.1111
21.0597 seconds.
LANZANDO AGG, Numero de simulacion:  5
1 0 1 0 0 1 0 1 0 0 1 1 0 1 0 0 0 1 1 0 1 1 0 0 1 0 0 0 1 0 0 1 0 1 0 0 0 0 1 1 1 1 0 0 0 1 0 1 0 0 1 1 1 1 1 0 1 0 1 1 1 0 0 1 1 0 0 1 1 0 1 0 1 1 0 0 1 1 0 0 1 1 1 1 1 0 0 1 0 0 
T_R:50
ACIERTOS: 172   FALLOS: 8   Porcentaje Acierto: 95.5556
22.9562 seconds.
LANZANDO AGE, Numero de simulacion:  5
1 1 1 0 0 1 0 0 1 1 0 1 1 1 0 0 0 0 0 0 1 0 1 0 1 1 0 1 1 0 1 0 1 0 1 1 1 0 0 1 0 1 0 0 1 1 0 0 0 1 0 0 0 0 0 1 0 0 1 0 0 0 1 1 0 0 1 1 0 1 0 0 1 0 0 0 0 0 1 0 1 1 0 0 1 1 1 1 0 1 
T_R:54.4444
ACIERTOS: 169   FALLOS: 11   Porcentaje Acierto: 93.8889
20.6251 seconds.
LANZANDO AGG, Numero de simulacion:  6
0 0 1 0 1 1 1 1 1 0 1 0 1 1 1 0 1 1 0 1 0 1 1 0 0 0 0 0 1 0 0 0 0 0 0 0 1 0 0 0 0 0 1 0 0 1 1 0 1 0 0 1 1 1 1 0 0 1 1 0 1 1 1 1 1 1 1 0 0 1 0 1 1 0 0 0 0 0 0 1 1 0 0 0 1 1 0 0 0 1 
T_R:53.3333
ACIERTOS: 173   FALLOS: 7   Porcentaje Acierto: 96.1111
23.6047 seconds.
LANZANDO AGE, Numero de simulacion:  6
1 1 1 0 0 0 1 0 1 1 0 0 1 1 0 0 0 0 0 0 1 0 0 1 1 1 0 0 1 0 1 1 1 1 0 0 0 1 0 1 1 0 1 0 0 0 0 1 1 0 1 1 0 1 1 0 0 0 1 1 0 1 1 1 0 1 0 1 1 1 0 1 1 1 0 0 0 0 1 0 0 0 1 1 1 0 1 0 1 0 
T_R:50
ACIERTOS: 172   FALLOS: 8   Porcentaje Acierto: 95.5556
20.7299 seconds.
LANZANDO AGG, Numero de simulacion:  7
1 0 1 0 0 1 0 0 0 0 0 0 1 0 1 1 0 0 1 1 1 0 0 1 1 1 0 0 1 1 1 0 0 1 1 0 0 1 0 1 1 1 1 0 1 1 1 1 0 1 0 0 1 1 1 1 1 0 0 0 0 1 1 1 0 1 1 1 1 1 0 0 0 1 0 1 0 1 1 0 1 1 0 0 0 0 0 1 1 1 
T_R:45.5556
ACIERTOS: 167   FALLOS: 13   Porcentaje Acierto: 92.7778
23.2535 seconds.
LANZANDO AGE, Numero de simulacion:  7
0 0 0 1 0 1 0 0 1 1 0 1 1 0 1 1 1 0 1 1 1 0 0 1 0 0 0 1 0 0 1 0 1 1 1 1 0 0 1 0 0 0 1 1 1 1 1 1 1 1 1 0 0 1 0 0 1 0 1 1 1 0 1 0 0 1 0 1 1 1 0 1 1 1 1 1 1 1 0 0 1 0 1 1 1 1 1 1 1 0 
T_R:40
ACIERTOS: 165   FALLOS: 15   Porcentaje Acierto: 91.6667
20.7459 seconds.
LANZANDO AGG, Numero de simulacion:  8
1 0 0 1 1 0 1 0 1 1 1 0 0 0 0 0 0 1 1 0 0 1 1 0 1 1 0 1 0 0 0 0 0 1 0 0 1 1 0 1 0 1 0 1 0 1 1 0 1 0 1 0 0 1 1 1 0 0 0 1 0 0 0 1 1 1 0 0 0 0 0 1 0 0 1 0 1 1 0 0 0 0 0 1 1 0 0 1 1 0 
T_R:56.6667
ACIERTOS: 172   FALLOS: 8   Porcentaje Acierto: 95.5556
22.9372 seconds.
LANZANDO AGE, Numero de simulacion:  8
1 0 0 0 1 1 0 0 0 0 0 1 1 1 1 1 0 0 1 0 0 1 1 0 0 0 0 0 1 0 1 1 1 0 0 1 0 0 0 0 1 0 0 1 0 0 1 0 1 1 1 0 1 1 0 0 1 1 1 1 1 1 1 1 1 1 1 0 0 1 1 1 1 1 1 0 1 1 1 1 1 1 1 0 1 1 0 0 0 1 
T_R:43.3333
ACIERTOS: 170   FALLOS: 10   Porcentaje Acierto: 94.4444
20.7546 seconds.
LANZANDO AGG, Numero de simulacion:  9
0 0 0 1 0 1 0 1 0 1 1 1 1 0 1 0 1 1 1 0 0 1 1 0 0 1 0 1 1 1 1 1 1 0 0 1 1 0 1 0 0 1 0 0 0 1 1 1 0 0 0 0 1 0 1 0 1 1 0 1 0 0 0 0 1 0 0 1 0 1 1 1 1 1 0 1 0 0 0 0 0 1 1 0 0 1 1 0 1 1 
T_R:48.8889
ACIERTOS: 163   FALLOS: 17   Porcentaje Acierto: 90.5556
24.7218 seconds.
LANZANDO AGE, Numero de simulacion:  9
0 0 0 0 0 1 0 1 0 0 0 1 1 1 1 0 1 0 0 0 1 1 1 0 1 0 0 0 0 0 1 0 0 1 1 1 1 1 0 1 0 1 1 0 1 0 0 0 1 1 0 0 1 1 1 1 0 0 1 0 0 1 1 0 1 1 1 0 1 1 1 1 0 1 0 0 0 1 1 1 1 0 0 0 1 1 0 0 0 1 
T_R:50
ACIERTOS: 163   FALLOS: 17   Porcentaje Acierto: 90.5556
20.824 seconds.
LANZANDO AGG, Numero de simulacion:  10
1 1 0 0 1 1 1 0 0 0 0 1 0 1 0 0 1 1 0 1 1 0 0 0 1 1 1 1 0 1 0 0 0 0 1 0 0 1 0 0 0 0 0 1 1 1 1 1 1 1 0 0 0 0 0 0 1 0 1 0 1 1 1 1 0 1 0 0 1 1 0 1 1 1 0 0 1 0 0 1 0 0 1 0 1 1 1 0 0 1 
T_R:51.1111
ACIERTOS: 168   FALLOS: 12   Porcentaje Acierto: 93.3333
24.0418 seconds.
LANZANDO AGE, Numero de simulacion:  10
1 0 1 0 1 1 1 0 0 0 0 0 1 0 1 1 0 0 1 0 0 0 1 1 1 0 1 0 0 1 0 1 0 0 1 1 1 0 0 1 0 1 1 0 0 0 0 0 0 1 1 1 0 0 1 0 0 0 1 0 0 1 1 0 0 0 1 1 0 1 0 0 1 0 0 0 1 1 1 1 1 0 1 0 1 1 1 0 0 1 
T_R:53.3333
ACIERTOS: 166   FALLOS: 14   Porcentaje Acierto: 92.2222
22.5795 seconds.
LANZANDO AGG, Numero de simulacion:  11
1 0 0 0 1 1 1 1 0 1 0 0 0 0 1 1 1 0 1 1 1 1 1 1 1 1 0 0 0 1 0 0 0 1 1 1 0 0 0 1 1 1 0 0 0 1 0 0 1 0 0 1 1 1 0 0 1 0 1 0 1 1 1 1 0 0 0 1 1 0 1 1 1 0 0 0 0 0 0 0 0 1 0 0 0 1 1 0 1 1 0 0 1 0 0 0 0 0 0 0 0 0 0 1 1 1 1 1 0 1 1 1 0 1 1 0 1 0 1 1 1 1 0 0 1 1 0 1 0 1 1 0 1 0 0 1 0 1 0 0 1 1 1 1 1 1 0 0 0 0 0 1 0 1 0 0 0 0 0 1 1 1 1 1 1 0 0 1 0 1 0 1 1 0 1 0 1 0 1 1 1 1 0 1 1 0 1 0 1 0 0 0 0 0 0 0 1 0 0 0 1 1 1 0 1 0 0 0 1 0 1 0 1 0 1 0 1 1 1 1 1 1 1 0 0 1 0 1 0 0 1 1 0 1 0 1 0 1 0 1 1 0 0 1 1 0 1 0 1 1 1 1 1 1 1 0 0 1 1 1 0 0 1 1 1 0 0 0 0 0 1 0 0 1 1 1 0 0 
T_R:48.9209
ACIERTOS: 155   FALLOS: 38   Porcentaje Acierto: 80.3109
75.199 seconds.
LANZANDO AGE, Numero de simulacion:  11
1 1 0 1 1 0 0 0 1 1 0 0 0 1 1 0 1 0 0 1 1 1 1 1 1 1 0 0 1 0 0 1 1 0 0 0 1 0 0 0 0 1 1 1 1 1 0 1 0 0 0 1 0 0 1 1 1 0 1 0 1 1 0 1 0 0 0 1 0 1 0 0 0 1 1 1 1 1 1 0 1 1 1 0 1 0 0 0 1 0 1 1 1 1 1 1 0 1 0 0 1 1 1 0 1 0 0 0 1 0 0 0 1 0 0 0 1 1 1 0 1 0 1 1 1 1 0 0 1 1 0 1 1 1 0 1 0 1 0 0 0 0 1 1 0 0 0 1 1 1 1 1 1 1 1 1 0 1 1 1 1 0 0 1 0 0 1 1 1 0 0 0 1 1 0 0 1 0 1 1 0 1 1 0 1 0 0 1 0 0 1 0 1 1 1 0 0 0 0 1 1 1 0 0 1 0 1 1 1 1 1 0 0 1 1 0 0 1 0 1 0 0 1 1 0 0 0 1 1 1 0 0 1 1 0 0 1 1 0 0 0 0 1 1 0 0 0 1 0 1 1 1 1 0 1 1 1 0 0 1 1 1 1 1 0 1 1 0 1 1 1 1 1 1 0 0 1 1 
T_R:44.6043
ACIERTOS: 159   FALLOS: 34   Porcentaje Acierto: 82.3834
68.5893 seconds.
LANZANDO AGG, Numero de simulacion:  12
0 0 1 0 0 0 1 0 1 0 0 1 0 1 0 1 1 1 0 1 1 0 1 1 0 1 1 1 1 1 0 1 1 1 1 1 0 1 0 0 0 1 1 0 1 0 1 0 1 1 0 0 1 0 1 1 0 1 0 1 1 1 0 1 0 1 1 1 1 1 1 0 0 1 0 0 0 0 1 0 1 0 0 0 0 0 0 0 1 1 1 0 1 0 1 0 0 1 1 1 0 0 1 0 0 0 1 1 1 0 0 0 0 0 1 0 1 1 0 1 0 1 1 0 1 1 1 0 0 1 0 1 1 0 1 0 0 1 0 1 1 0 0 0 0 0 1 0 0 0 1 1 0 1 0 1 0 1 1 1 1 1 1 1 1 1 0 0 0 1 0 0 0 0 1 1 1 1 1 0 1 0 1 0 0 0 0 0 0 0 0 1 0 1 0 1 1 0 1 0 1 0 0 0 1 1 1 1 1 0 1 1 0 0 0 0 0 1 0 1 1 1 0 1 1 1 0 1 0 0 0 0 1 1 0 1 0 1 1 0 0 0 1 1 0 0 1 1 0 0 1 0 0 1 0 0 1 0 1 0 0 0 0 0 1 1 1 1 0 1 0 1 1 1 0 0 0 1 
T_R:50
ACIERTOS: 151   FALLOS: 42   Porcentaje Acierto: 78.2383
74.4431 seconds.
LANZANDO AGE, Numero de simulacion:  12
0 1 0 0 0 0 1 1 0 0 0 1 1 0 1 1 0 0 1 0 1 0 0 1 1 0 1 0 0 1 0 0 0 1 0 1 0 1 1 1 0 0 0 0 1 1 0 1 1 1 0 0 0 0 0 0 1 0 0 0 1 1 1 1 0 1 0 0 0 0 0 0 1 1 1 0 1 0 1 0 0 0 1 0 0 1 1 0 1 0 0 1 1 1 0 0 0 1 1 1 1 0 1 0 1 1 0 1 0 0 1 0 0 1 0 0 0 1 0 0 0 1 1 0 0 1 1 1 0 1 1 1 1 0 0 0 1 1 1 0 0 1 1 0 0 0 0 0 1 1 1 1 0 0 0 0 1 0 1 0 0 1 1 0 0 1 0 1 0 0 0 0 1 0 0 0 0 1 1 1 1 0 1 0 1 0 0 1 1 0 0 0 1 1 0 1 0 0 1 1 1 1 1 0 1 1 0 0 0 1 0 1 0 0 1 1 0 0 0 1 0 0 1 1 1 1 0 0 1 1 1 0 0 1 0 1 0 0 0 0 1 0 0 0 0 0 1 0 1 1 0 1 0 1 1 0 0 0 0 0 1 1 1 1 0 0 0 1 1 1 0 0 1 0 1 1 0 1 
T_R:54.3165
ACIERTOS: 157   FALLOS: 36   Porcentaje Acierto: 81.3472
68.2623 seconds.
LANZANDO AGG, Numero de simulacion:  13
0 1 0 0 0 0 0 0 1 1 1 1 0 0 1 1 1 0 1 1 0 0 1 1 0 0 1 1 1 0 1 0 1 1 1 0 0 0 1 1 1 0 0 1 0 0 1 1 1 1 0 1 1 0 1 0 1 0 1 1 1 1 1 1 1 0 0 1 0 0 1 1 1 0 0 1 1 0 0 1 0 0 1 1 0 1 1 0 1 1 1 1 0 1 1 0 1 0 0 0 0 1 1 0 1 1 1 0 0 0 0 0 0 0 0 0 0 0 1 1 1 0 0 0 1 0 1 1 1 0 1 0 0 0 0 0 1 1 1 0 1 1 0 1 0 0 0 0 0 0 0 1 0 0 1 0 1 0 1 0 1 1 1 0 0 1 1 1 0 1 1 0 0 1 0 0 0 0 0 1 0 1 0 0 0 0 1 0 0 0 1 1 0 1 0 1 0 0 0 1 0 0 1 1 0 0 0 0 1 0 0 1 0 1 1 1 1 0 0 0 1 0 0 1 1 0 1 0 1 0 0 0 1 0 1 1 0 0 1 1 0 0 0 1 1 0 0 1 1 1 0 1 1 1 1 1 0 0 1 0 0 0 1 0 1 0 1 1 0 0 0 0 1 0 1 1 0 1 
T_R:52.1583
ACIERTOS: 161   FALLOS: 32   Porcentaje Acierto: 83.4197
74.7832 seconds.
LANZANDO AGE, Numero de simulacion:  13
0 1 0 1 0 1 0 1 1 1 0 1 1 1 1 0 0 1 0 1 0 1 0 0 0 1 1 1 1 1 1 1 1 1 0 0 0 0 0 1 0 0 0 0 1 1 0 0 1 0 1 1 1 0 1 0 1 1 0 1 1 1 1 0 1 1 1 0 1 1 1 0 0 0 0 1 0 0 0 1 0 1 1 0 1 1 0 1 0 0 1 1 1 1 1 0 0 1 1 1 1 1 0 0 1 1 1 0 1 0 1 0 0 1 1 0 0 1 0 0 0 0 1 0 1 1 1 1 1 0 0 1 1 0 1 1 0 0 1 0 1 1 1 1 0 0 0 1 1 0 0 1 1 1 0 0 1 0 0 1 1 1 0 0 0 1 0 1 0 0 0 1 1 1 1 1 1 0 1 0 0 1 1 1 1 0 1 0 0 0 1 0 0 1 0 0 1 1 1 0 0 1 0 1 1 1 0 0 1 1 0 1 1 1 1 1 0 0 1 1 1 1 0 0 0 0 0 1 0 1 0 1 0 1 1 0 0 0 1 1 0 0 1 1 0 1 1 1 0 1 0 1 1 1 1 1 0 1 0 0 1 1 1 0 0 1 1 1 0 0 1 0 0 0 0 0 1 1 
T_R:44.964
ACIERTOS: 152   FALLOS: 41   Porcentaje Acierto: 78.7565
68.0835 seconds.
LANZANDO AGG, Numero de simulacion:  14
1 1 1 1 0 0 0 1 1 0 0 0 1 0 0 0 1 0 1 1 1 0 1 1 1 1 0 0 0 0 0 1 1 0 1 0 0 1 1 0 0 0 0 0 1 0 0 1 1 1 1 1 1 0 1 0 1 1 1 0 1 1 1 1 1 0 1 0 0 1 1 1 1 1 1 0 0 1 1 0 0 0 0 1 1 0 0 0 0 1 1 1 0 0 1 0 0 0 1 1 1 0 0 0 1 0 1 0 0 1 1 0 0 0 1 1 0 0 1 0 0 1 1 0 0 1 0 0 0 0 0 0 1 0 0 0 0 0 1 1 0 1 0 1 1 1 1 0 0 0 0 0 1 1 0 1 1 0 0 0 0 1 1 1 0 0 0 0 0 0 0 0 1 0 0 0 0 0 0 1 0 0 0 1 0 1 0 0 1 1 1 1 0 1 1 1 0 1 1 0 1 1 0 0 1 0 1 0 0 0 1 1 1 0 1 0 0 0 1 0 0 1 1 0 0 0 0 0 0 1 0 1 0 0 1 0 1 1 1 0 0 1 0 0 0 0 1 0 1 0 1 0 0 0 0 0 0 0 0 1 1 1 0 1 0 1 1 0 1 1 1 0 1 0 1 1 0 0 
T_R:55.036
ACIERTOS: 155   FALLOS: 38   Porcentaje Acierto: 80.3109
73.9104 seconds.
LANZANDO AGE, Numero de simulacion:  14
0 1 0 0 0 1 0 0 0 0 0 1 0 0 1 0 1 0 0 1 1 1 1 0 1 1 0 0 0 0 0 1 1 1 0 0 1 1 1 1 0 1 0 0 0 0 0 1 1 1 0 1 1 0 0 1 0 1 1 1 1 1 0 1 0 0 1 0 0 0 0 0 0 1 0 0 0 0 1 1 1 0 0 0 0 1 1 1 0 0 0 0 0 1 1 1 1 0 1 1 1 0 0 1 0 1 0 1 1 0 1 1 0 0 0 1 1 1 0 1 0 0 0 1 1 1 1 1 1 0 0 0 0 1 1 1 0 1 0 1 0 1 1 1 0 1 0 1 1 0 1 1 1 1 1 1 1 0 1 0 1 0 1 1 1 1 0 1 1 1 0 1 0 1 0 1 1 0 0 0 1 1 1 1 1 0 1 1 1 1 0 0 0 0 0 1 1 0 1 1 1 1 0 0 1 1 1 1 1 1 1 0 0 1 0 0 0 0 0 0 0 1 1 1 1 1 1 1 0 1 0 1 1 0 1 1 1 0 1 0 1 0 0 0 1 0 0 1 0 1 1 0 1 0 1 1 0 1 0 0 1 0 0 1 0 0 1 1 1 1 1 1 0 0 1 1 1 0 
T_R:46.0432
ACIERTOS: 149   FALLOS: 44   Porcentaje Acierto: 77.2021
70.6761 seconds.
LANZANDO AGG, Numero de simulacion:  15
0 0 1 1 0 1 1 1 0 1 1 0 1 0 1 0 1 1 0 1 0 0 0 0 1 1 1 0 0 0 1 0 0 0 0 1 0 0 0 1 1 0 0 0 0 0 0 0 1 1 0 1 0 0 1 0 1 0 1 1 0 1 0 1 0 1 0 1 1 0 0 0 0 1 0 0 1 0 1 0 0 0 0 1 0 0 0 0 1 0 0 1 1 1 0 1 0 0 0 1 1 1 0 1 0 0 1 0 0 0 1 0 0 0 1 1 0 0 0 0 1 1 0 1 1 1 0 1 0 0 0 1 1 0 1 0 1 0 0 1 0 1 0 1 1 0 1 1 1 0 0 0 1 1 1 1 0 1 1 1 0 1 1 0 0 1 1 1 0 1 0 1 1 0 1 1 0 0 0 0 0 1 1 0 1 0 0 0 0 1 1 0 0 1 1 0 0 0 0 0 1 1 0 0 0 0 0 1 1 0 1 0 1 1 1 1 0 1 1 0 1 0 1 1 1 0 1 0 1 0 0 1 0 1 1 1 1 1 1 1 1 1 0 0 1 1 0 1 0 0 1 1 0 0 0 1 0 0 1 1 0 0 0 1 1 0 0 0 1 0 1 1 1 1 0 1 0 1 
T_R:52.1583
ACIERTOS: 156   FALLOS: 37   Porcentaje Acierto: 80.829
84.819 seconds.
LANZANDO AGE, Numero de simulacion:  15
1 1 0 0 1 0 1 1 1 1 0 1 0 0 1 0 0 1 0 1 1 1 0 0 0 0 0 1 0 0 1 1 1 0 1 1 0 0 0 0 0 0 0 1 1 0 0 0 0 0 0 1 1 1 0 0 0 1 0 0 1 1 1 0 1 1 0 0 1 1 1 0 1 0 0 1 0 0 0 0 1 1 0 0 0 0 1 0 0 0 0 0 0 1 1 1 0 1 0 0 0 0 1 0 0 0 1 1 0 1 1 0 0 0 1 1 1 0 1 0 0 0 1 0 0 0 1 1 0 0 1 0 1 1 1 1 0 1 1 1 1 1 0 0 0 0 1 1 1 1 0 0 0 0 0 0 0 0 0 1 0 0 0 1 0 0 0 0 0 1 1 1 0 0 0 0 0 1 0 0 1 1 0 1 1 0 0 0 1 0 1 1 1 0 0 1 1 1 1 1 1 0 0 1 0 1 1 1 1 1 1 1 1 1 0 1 1 1 0 0 0 0 1 1 0 0 0 0 0 0 0 0 1 0 1 1 1 0 1 0 1 1 1 0 0 1 1 1 0 0 0 1 0 0 0 0 1 1 0 0 0 0 0 1 1 0 0 1 1 0 0 0 0 0 1 1 0 1 
T_R:55.3957
ACIERTOS: 154   FALLOS: 39   Porcentaje Acierto: 79.7927
74.54 seconds.
LANZANDO AGG, Numero de simulacion:  16
0 1 1 0 1 0 0 0 0 0 0 1 0 0 0 1 1 0 0 1 0 1 0 0 1 1 0 1 0 0 1 0 1 1 1 1 0 1 1 0 0 0 0 0 0 0 0 0 1 0 1 0 0 1 0 0 0 1 1 0 1 1 1 1 1 0 1 0 0 0 1 1 1 0 0 0 1 0 0 0 1 1 1 0 0 0 0 0 0 1 0 1 1 1 1 1 1 0 0 0 0 0 1 0 0 1 0 0 0 0 0 1 1 0 1 1 0 1 1 0 1 1 1 0 0 1 1 1 1 0 0 0 1 0 1 1 0 1 1 0 1 1 1 0 1 0 1 1 1 1 1 1 1 0 1 0 0 0 1 0 1 1 1 1 0 0 1 0 0 0 1 0 1 1 0 0 0 0 1 0 1 0 1 1 1 0 0 1 1 0 0 1 0 0 1 0 1 0 0 1 0 1 0 1 1 1 0 0 0 1 0 1 0 1 0 0 1 1 0 0 1 1 0 0 1 1 1 0 1 0 0 0 1 0 1 0 1 1 1 0 0 1 1 0 1 1 1 1 1 1 0 1 1 0 0 0 0 0 1 1 0 0 0 0 0 0 0 1 1 0 0 0 1 1 1 1 0 1 
T_R:51.7986
ACIERTOS: 163   FALLOS: 30   Porcentaje Acierto: 84.456
81.114 seconds.
LANZANDO AGE, Numero de simulacion:  16
0 0 1 1 1 0 0 1 0 1 1 1 1 0 1 1 1 0 1 0 0 0 0 0 0 1 1 1 1 1 1 0 1 1 1 0 1 1 1 0 1 0 1 0 1 1 1 1 0 0 1 0 0 0 0 0 1 1 1 1 0 1 0 0 1 0 1 1 0 1 0 0 0 1 0 0 0 0 1 1 1 0 0 1 1 1 1 0 0 1 0 1 0 1 0 0 1 0 0 1 1 0 0 0 0 1 1 0 1 0 0 0 1 1 1 1 0 1 0 0 1 1 1 0 1 0 1 1 0 1 0 0 1 1 1 0 0 0 0 0 0 0 0 0 0 1 1 0 0 0 0 0 0 0 0 1 0 1 1 0 1 1 1 1 0 1 0 0 0 1 1 1 0 0 0 0 0 0 0 1 0 0 0 1 1 1 1 1 0 1 0 1 0 1 1 0 1 0 0 0 1 0 1 1 1 1 0 1 0 0 0 1 1 0 0 1 1 0 0 1 0 1 1 0 0 1 1 1 1 0 1 0 0 0 0 0 1 0 1 1 0 0 0 0 1 0 1 1 1 1 1 1 1 1 0 0 1 1 0 0 1 1 0 0 1 1 1 0 0 1 1 0 0 1 1 1 0 0 
T_R:50.3597
ACIERTOS: 155   FALLOS: 38   Porcentaje Acierto: 80.3109
72.482 seconds.
LANZANDO AGG, Numero de simulacion:  17
1 0 0 1 1 0 1 1 0 0 0 1 0 1 1 1 0 1 1 0 1 1 0 0 0 0 0 1 1 1 0 1 0 1 1 0 1 1 1 1 1 0 0 1 0 0 0 0 1 1 0 1 0 0 0 1 0 0 0 1 1 1 0 0 1 1 0 1 1 1 0 1 1 0 1 0 1 1 0 1 0 1 0 0 1 1 0 0 0 1 1 0 1 0 1 1 1 0 1 1 0 1 0 0 0 1 1 1 0 0 0 0 1 1 0 0 0 1 0 1 1 0 1 1 1 0 1 0 1 0 0 1 1 1 1 1 1 0 1 1 0 1 1 1 0 0 0 0 1 0 0 0 1 1 0 1 1 1 0 1 1 1 1 0 1 0 1 1 1 0 0 1 0 0 0 1 1 1 1 0 1 1 1 0 0 1 0 1 1 1 0 0 1 0 1 1 1 0 1 1 1 0 1 1 0 0 0 0 0 0 0 1 0 1 1 1 1 1 1 1 0 1 0 0 1 0 1 1 0 1 0 1 1 0 1 0 1 0 0 0 0 1 0 1 0 0 1 0 1 1 0 0 1 1 1 1 0 0 1 0 0 1 1 0 1 1 0 1 1 0 0 1 0 0 1 0 0 1 
T_R:46.0432
ACIERTOS: 162   FALLOS: 31   Porcentaje Acierto: 83.9378
84.424 seconds.
LANZANDO AGE, Numero de simulacion:  17
1 1 0 1 0 0 1 1 1 0 0 0 0 1 1 0 1 1 1 0 1 1 1 0 1 0 0 0 0 0 0 1 0 0 1 1 1 1 1 0 1 1 0 1 1 1 1 1 1 1 0 0 0 1 1 1 1 0 1 0 1 1 0 1 1 0 0 1 1 0 1 1 0 0 0 1 1 0 0 1 1 1 0 1 1 1 1 0 0 1 0 0 0 1 1 0 0 0 0 0 0 0 1 1 0 0 0 1 0 0 0 1 0 0 1 0 0 1 0 1 0 0 0 0 1 1 1 1 1 1 0 0 0 0 1 1 0 0 1 1 0 1 1 1 1 1 1 0 0 0 0 1 0 1 1 0 1 1 1 0 1 1 1 0 0 0 1 0 0 1 0 0 0 1 0 1 0 1 1 0 1 0 1 0 0 0 1 0 0 1 1 0 0 1 1 1 0 0 1 1 1 0 0 0 0 0 1 1 0 0 0 0 1 1 0 0 0 1 1 1 0 1 1 0 1 1 1 0 0 0 0 1 0 0 0 1 0 1 0 1 0 1 0 0 1 1 0 0 0 0 1 1 1 0 0 0 0 0 1 0 1 1 0 0 0 1 0 0 0 0 0 1 0 1 1 1 1 0 
T_R:51.4388
ACIERTOS: 153   FALLOS: 40   Porcentaje Acierto: 79.2746
71.9502 seconds.
LANZANDO AGG, Numero de simulacion:  18
1 1 1 1 1 1 1 0 1 1 0 1 1 1 1 0 0 0 0 1 1 1 0 1 1 0 0 1 1 0 0 1 0 0 0 0 1 1 1 0 0 0 1 1 0 1 1 1 1 1 1 0 1 0 0 0 1 0 1 1 1 0 1 1 0 0 0 1 0 0 0 0 0 0 0 1 0 1 1 1 0 0 0 0 0 0 1 0 0 1 0 0 0 0 0 1 0 1 0 1 0 1 0 0 1 0 0 0 1 0 0 1 1 1 1 0 1 0 1 0 0 1 1 0 1 0 0 1 0 0 1 1 0 1 1 0 1 1 1 1 1 1 0 0 0 0 1 1 1 0 1 1 1 0 0 1 1 1 0 0 1 1 1 1 1 0 0 1 1 1 1 1 1 1 0 0 1 0 1 1 0 0 0 1 0 0 1 0 0 0 1 1 1 0 0 0 1 0 0 1 1 0 1 1 0 1 0 1 0 0 1 0 0 1 0 1 0 1 1 0 0 0 0 1 1 0 0 1 0 0 0 0 1 0 1 1 1 0 0 0 0 0 0 0 0 1 1 0 1 0 1 0 0 1 0 0 0 1 1 1 1 0 1 0 0 1 0 0 0 0 0 0 0 1 1 0 1 1 
T_R:51.4388
ACIERTOS: 150   FALLOS: 43   Porcentaje Acierto: 77.7202
76.1085 seconds.
LANZANDO AGE, Numero de simulacion:  18
1 0 0 1 0 1 1 1 0 1 0 1 0 1 1 1 0 0 0 0 1 0 0 1 1 0 0 0 0 1 0 0 0 1 0 1 1 1 1 0 1 0 0 0 0 0 0 1 0 0 1 0 0 1 1 0 1 1 0 1 1 1 0 0 0 1 1 0 0 0 0 0 0 1 0 0 1 0 0 1 0 1 1 0 1 1 0 0 1 0 0 0 1 1 1 0 1 0 1 0 0 0 0 0 1 0 0 1 0 1 1 0 0 1 0 0 1 0 1 0 0 1 1 0 1 1 0 1 1 0 0 1 0 1 0 1 0 0 1 0 0 0 1 0 0 1 0 1 0 1 1 0 1 0 0 0 1 1 1 1 0 0 1 0 0 1 1 0 1 0 0 0 1 0 0 1 0 0 0 1 0 1 0 0 0 0 1 0 1 1 0 1 1 0 0 1 1 0 0 0 1 0 0 0 0 1 1 0 0 0 1 1 0 0 1 0 1 1 0 0 0 0 0 0 1 1 0 0 0 1 1 0 1 0 0 0 1 0 1 0 1 1 0 0 0 1 1 1 0 0 1 0 1 0 0 1 0 0 1 0 0 1 0 1 0 1 0 1 1 1 0 0 0 1 1 1 0 1 
T_R:56.8345
ACIERTOS: 156   FALLOS: 37   Porcentaje Acierto: 80.829
69.8271 seconds.
LANZANDO AGG, Numero de simulacion:  19
1 1 1 1 0 0 1 0 0 1 0 1 0 1 1 0 0 1 0 1 0 0 1 0 0 0 0 0 1 0 1 0 1 1 1 0 1 0 0 0 1 0 1 0 0 1 1 1 1 1 0 0 0 1 1 1 1 1 0 1 1 1 0 1 1 0 1 1 0 0 0 1 1 1 0 0 1 0 0 0 1 1 1 1 0 0 0 1 1 0 0 0 1 1 0 0 1 1 0 0 1 1 1 0 0 0 1 0 1 1 1 1 0 1 1 0 0 1 0 0 1 1 1 1 0 1 1 1 0 0 1 1 0 0 0 1 1 0 0 1 0 1 0 0 1 0 0 0 1 0 1 1 1 0 0 1 1 1 1 1 0 1 1 1 0 0 0 0 0 1 0 1 1 1 1 0 0 1 1 1 0 1 0 1 0 1 0 0 1 0 0 1 1 0 1 0 0 1 1 1 0 1 1 1 1 0 1 1 1 0 1 1 1 0 0 0 1 0 0 0 1 0 1 0 1 1 0 0 0 0 0 1 0 1 0 1 1 1 0 0 0 0 1 1 1 0 0 1 1 0 0 1 0 1 0 1 1 1 0 0 1 0 0 0 1 1 0 0 0 0 1 1 0 0 0 1 1 0 
T_R:48.5612
ACIERTOS: 152   FALLOS: 41   Porcentaje Acierto: 78.7565
76.4665 seconds.
LANZANDO AGE, Numero de simulacion:  19
1 0 0 1 1 1 1 1 1 0 1 0 0 1 0 1 1 0 0 0 1 0 1 1 0 1 1 1 0 0 1 0 1 0 1 0 0 1 1 0 0 1 1 0 0 1 0 0 0 1 1 1 0 0 1 0 0 0 0 1 0 1 1 1 1 0 0 1 0 1 0 1 1 1 0 1 1 1 1 1 0 1 1 1 0 1 1 0 1 1 1 1 0 1 0 0 1 1 0 1 1 1 1 1 0 1 0 0 1 0 1 0 1 0 1 1 0 0 1 0 0 0 0 1 1 1 1 1 0 0 1 1 0 0 1 0 1 0 1 0 0 0 0 0 0 1 0 0 0 0 1 1 1 1 0 1 0 0 0 0 0 0 0 0 0 0 1 1 1 1 1 1 1 0 0 0 0 1 1 0 0 1 0 0 0 0 1 1 0 0 1 1 0 1 1 0 0 1 1 1 1 0 1 1 0 0 1 1 0 1 1 1 0 1 0 0 0 1 1 0 0 0 0 1 0 1 0 0 1 0 0 1 0 0 0 1 1 0 1 0 1 0 1 0 0 1 1 1 0 0 0 1 1 1 1 0 0 0 1 0 1 0 1 0 1 1 1 0 1 1 1 1 1 1 0 0 1 1 
T_R:48.2014
ACIERTOS: 152   FALLOS: 41   Porcentaje Acierto: 78.7565
70.752 seconds.
LANZANDO AGG, Numero de simulacion:  20
0 0 0 0 0 1 1 0 1 1 1 1 0 1 1 1 1 1 1 1 0 0 0 0 1 0 1 1 1 1 1 1 1 0 0 0 1 1 1 0 0 1 1 1 1 0 1 1 0 1 0 1 0 1 1 1 0 1 0 1 0 0 0 1 0 0 0 1 1 0 1 1 1 0 0 0 1 0 0 1 0 1 0 1 0 0 0 0 1 0 1 1 1 0 0 1 0 1 0 1 1 0 1 1 1 0 0 1 0 1 1 1 1 1 0 1 1 0 0 1 0 1 1 1 0 0 0 1 0 0 0 1 1 1 1 1 0 0 1 1 0 1 1 0 0 1 1 1 1 1 1 0 1 1 0 1 0 1 1 1 1 0 0 1 0 0 0 1 0 0 1 0 1 1 0 0 0 1 0 0 1 1 1 0 0 1 0 0 0 1 0 1 1 0 0 1 0 1 1 1 0 1 1 1 1 0 0 0 1 1 0 0 0 1 1 0 0 1 1 1 1 1 0 0 1 1 0 0 0 0 1 0 1 0 1 0 0 1 1 0 0 1 1 1 1 1 1 0 1 0 0 1 0 1 0 0 1 0 0 1 0 0 0 1 1 0 0 1 0 0 0 0 1 1 0 1 0 0 
T_R:47.1223
ACIERTOS: 147   FALLOS: 46   Porcentaje Acierto: 76.1658
75.8363 seconds.
LANZANDO AGE, Numero de simulacion:  20
1 0 0 1 0 1 0 0 0 1 0 1 1 0 1 0 1 0 0 1 1 0 1 0 0 0 0 1 1 1 0 1 1 0 1 0 0 0 1 1 1 0 0 1 0 1 1 0 1 0 1 0 1 0 1 0 0 1 0 0 0 1 1 1 1 1 0 1 1 0 0 1 1 0 1 1 0 0 1 1 1 0 0 0 0 1 1 0 0 0 0 0 0 1 0 1 0 0 0 0 1 1 0 0 1 1 1 0 0 0 1 0 1 1 1 1 1 0 1 0 1 1 0 1 0 1 1 1 0 0 0 0 0 0 1 1 0 1 0 1 1 0 1 0 0 0 1 1 0 0 0 1 0 0 0 0 0 1 1 1 1 0 1 1 0 1 1 0 1 1 0 1 0 1 1 0 1 0 1 1 0 0 0 1 0 0 0 0 0 1 0 0 1 0 1 1 1 0 0 1 0 1 1 0 0 1 0 1 0 1 0 0 0 1 0 0 1 0 1 1 0 0 1 0 1 0 0 1 1 1 0 1 0 0 1 1 0 0 0 0 1 0 0 0 1 0 1 0 1 1 1 0 0 0 1 1 0 1 1 1 0 1 0 1 0 0 1 1 1 1 0 1 0 1 0 1 0 0 
T_R:52.1583
ACIERTOS: 150   FALLOS: 43   Porcentaje Acierto: 77.7202
69.1495 seconds.
LANZANDO AGG, Numero de simulacion:  21
1 1 0 1 0 1 0 1 0 0 1 0 1 0 0 0 0 1 1 0 0 1 1 0 0 0 1 0 1 1 
T_R:53.3333
ACIERTOS: 277   FALLOS: 8   Porcentaje Acierto: 97.193
17.9815 seconds.
LANZANDO AGE, Numero de simulacion:  21
1 1 0 1 1 0 1 0 1 0 0 1 1 0 1 1 0 0 1 0 1 0 0 0 1 0 0 0 1 0 
T_R:53.3333
ACIERTOS: 275   FALLOS: 10   Porcentaje Acierto: 96.4912
15.5567 seconds.
LANZANDO AGG, Numero de simulacion:  22
1 1 1 0 1 1 0 0 1 0 1 1 1 1 1 1 0 0 1 0 1 0 1 0 0 1 0 1 0 0 
T_R:43.3333
ACIERTOS: 278   FALLOS: 7   Porcentaje Acierto: 97.5439
18.7324 seconds.
LANZANDO AGE, Numero de simulacion:  22
0 1 0 0 0 1 0 0 0 1 0 0 1 1 1 0 0 1 0 1 0 1 0 1 1 1 0 1 0 0 
T_R:56.6667
ACIERTOS: 278   FALLOS: 7   Porcentaje Acierto: 97.5439
16.346 seconds.
LANZANDO AGG, Numero de simulacion:  23
1 0 0 1 0 1 0 0 0 0 0 1 0 1 0 1 1 0 0 0 1 1 1 1 1 0 1 1 0 0 
T_R:53.3333
ACIERTOS: 278   FALLOS: 7   Porcentaje Acierto: 97.5439
18.5335 seconds.
LANZANDO AGE, Numero de simulacion:  23
0 1 0 0 0 1 0 0 1 1 0 0 1 1 0 1 1 0 0 1 0 0 0 0 0 0 1 0 1 1 
T_R:60
ACIERTOS: 273   FALLOS: 12   Porcentaje Acierto: 95.7895
15.886 seconds.
LANZANDO AGG, Numero de simulacion:  24
1 0 1 0 1 1 1 1 0 1 0 1 1 0 1 1 1 0 0 0 1 1 1 0 0 1 1 1 0 1 
T_R:36.6667
ACIERTOS: 281   FALLOS: 4   Porcentaje Acierto: 98.5965
18.0473 seconds.
LANZANDO AGE, Numero de simulacion:  24
1 1 1 0 1 1 0 1 1 0 1 0 0 1 1 1 1 0 1 0 0 1 1 0 1 0 0 1 0 0 
T_R:43.3333
ACIERTOS: 278   FALLOS: 7   Porcentaje Acierto: 97.5439
15.555 seconds.
LANZANDO AGG, Numero de simulacion:  25
1 1 1 0 0 0 1 0 0 1 1 1 0 0 0 0 0 1 1 1 1 0 0 1 1 1 0 0 0 0 
T_R:53.3333
ACIERTOS: 274   FALLOS: 11   Porcentaje Acierto: 96.1404
17.8153 seconds.
LANZANDO AGE, Numero de simulacion:  25
1 1 0 1 0 1 0 1 1 0 0 0 0 0 0 0 0 1 0 0 1 0 0 0 0 1 1 0 0 0 
T_R:66.6667
ACIERTOS: 271   FALLOS: 14   Porcentaje Acierto: 95.0877
16.0642 seconds.
LANZANDO AGG, Numero de simulacion:  26
1 1 1 1 1 0 0 1 1 0 0 1 0 0 0 0 0 0 1 0 0 0 1 1 0 0 1 1 0 0 
T_R:56.6667
ACIERTOS: 280   FALLOS: 5   Porcentaje Acierto: 98.2456
18.1451 seconds.
LANZANDO AGE, Numero de simulacion:  26
1 1 0 1 1 1 0 1 1 0 0 0 0 0 1 0 1 1 1 1 1 0 0 1 1 0 1 0 0 0 
T_R:46.6667
ACIERTOS: 282   FALLOS: 3   Porcentaje Acierto: 98.9474
15.923 seconds.
LANZANDO AGG, Numero de simulacion:  27
0 0 0 0 0 1 1 0 1 0 1 0 1 1 0 0 1 0 0 0 0 1 1 0 0 1 1 1 1 1 
T_R:53.3333
ACIERTOS: 273   FALLOS: 12   Porcentaje Acierto: 95.7895
17.7333 seconds.
LANZANDO AGE, Numero de simulacion:  27
0 1 0 1 0 0 0 1 1 0 1 0 1 0 0 0 0 0 0 0 1 1 0 0 0 0 1 0 1 0 
T_R:66.6667
ACIERTOS: 277   FALLOS: 8   Porcentaje Acierto: 97.193
16.0017 seconds.
LANZANDO AGG, Numero de simulacion:  28
0 1 1 1 0 1 1 0 1 0 1 1 0 1 1 0 1 1 0 1 1 1 0 1 1 1 0 1 0 0 
T_R:36.6667
ACIERTOS: 279   FALLOS: 6   Porcentaje Acierto: 97.8947
18.2387 seconds.
LANZANDO AGE, Numero de simulacion:  28
0 0 1 0 0 0 1 1 1 0 0 0 1 1 1 0 1 0 0 0 1 1 1 0 0 1 0 1 1 0 
T_R:53.3333
ACIERTOS: 280   FALLOS: 5   Porcentaje Acierto: 98.2456
15.236 seconds.
LANZANDO AGG, Numero de simulacion:  29
1 0 0 0 1 0 0 1 0 0 0 0 0 1 0 0 0 0 0 0 0 1 1 0 1 1 0 1 1 1 
T_R:63.3333
ACIERTOS: 276   FALLOS: 9   Porcentaje Acierto: 96.8421
17.4488 seconds.
LANZANDO AGE, Numero de simulacion:  29
1 0 0 1 1 0 1 0 0 1 1 1 1 0 1 1 0 0 0 0 1 1 0 0 1 0 1 1 1 0 
T_R:46.6667
ACIERTOS: 278   FALLOS: 7   Porcentaje Acierto: 97.5439
15.5345 seconds.
LANZANDO AGG, Numero de simulacion:  30
0 1 0 1 1 1 1 0 1 0 1 0 1 0 0 0 0 0 0 1 1 1 1 0 1 0 1 1 1 0 
T_R:46.6667
ACIERTOS: 278   FALLOS: 7   Porcentaje Acierto: 97.5439
18.0641 seconds.
LANZANDO AGE, Numero de simulacion:  30
1 1 1 0 0 0 0 0 0 1 0 0 0 0 0 1 1 0 1 1 1 0 1 1 1 1 0 1 1 0 
T_R:50
ACIERTOS: 274   FALLOS: 11   Porcentaje Acierto: 96.1404
15.58 seconds.
