AGG Libras

47,7778	93,8889	23,1193 
51,1111	95,5556	23,1172 
52,2222	90,5556	23,3777 
58,8889	92,2222	24,5852 
50	95,5556	22,9562 	
53,3333	96,1111	23,6047 	
45,5556	92,7778	23,2535 
56,6667	95,5556	22,9372 
48,8889	90,5556	24,7218 
51,1111	93,3333	24,0418 


AGE Libras

42,2222	94,4444	20,9119 
54,4444	93,3333	20,6496 
62,2222	91,6667	21,3995 
56,6667	91,1111	21,0597 	
54,4444	93,8889	20,6251 
50	95,5556	20,7299 
40	91,6667	20,7459 
43,3333	94,4444	20,7546 
50	90,5556	20,824 
53,3333	92,2222	22,5795 


AGG ARRIT
48,9209	80,3109	75,199 
50	78,2383	74,4431 
52,1583	83,4197	74,7832 
55,036	80,3109	73,9104 
52,1583	80,829	84,819 
51,7986	84,456	81,114 
46,0432	83,9378	84,424 
51,4388	77,7202	76,1085 
48,5612	78,7565	76,4665 
47,1223	76,1658	75,8363 

AGE ARRIT
44,6043	82,3834	68,5893 
54,3165	81,3472	68,2623 
44,964	78,7565	68,0835 
46,0432	77,2021	70,6761 
55,3957	79,7927	74,54 
50,3597	80,3109	72,482 
51,4388	79,2746	71,9502 
56,8345	80,829	69,8271 
48,2014	78,7565	70,752 
52,1583	77,7202	69,1495 




AGG WDBC
53,3333	96,4912	15,5567 
56,6667	97,5439	16,346 	
60	95,7895	15,886 	
43,3333	97,5439	15,555 	
66,6667	95,0877	16,0642 
46,6667	98,9474	15,923 	
66,6667	97,193	16,0017 
53,3333	98,2456	15,236 
46,6667	97,5439	15,5345 	
50	96,1404	15,58 



AGE WDBC
53,3333	97,193	17,9815 
43,3333	97,5439	18,7324 
53,3333	97,5439	18,5335 	
36,6667	98,5965	18,0473 	
53,3333	96,1404	17,8153 	
56,6667	98,2456	18,1451 	
53,3333	95,7895	17,7333 	
36,6667	97,8947	18,2387 
63,3333	96,8421	17,4488 
46,6667	97,5439	18,0641 
