1500
150
97     28
99     21
34     10
71     21
7     20
20     15
67     13
39     14
8     25
50     21
94     21
62     13
6     8
42     16
20     25
83     27
33     30
39     16
94     8
43     11
100     16
41     6
70     24
17     17
8     18
68     25
17     10
68     6
17     21
38     11
92     26
92     9
65     29
44     26
66     15
82     29
53     8
49     14
4     25
94     24
76     7
72     19
8     15
14     16
18     27
91     11
8     19
42     22
96     25
50     19
17     12
72     26
73     24
68     15
36     20
81     21
9     12
61     23
18     21
33     6
83     17
65     15
90     28
73     11
68     16
68     6
30     25
43     12
54     29
47     21
94     16
94     24
42     24
9     30
11     6
7     26
79     18
47     6
26     8
25     24
60     25
88     20
1     21
82     17
81     27
63     23
72     29
48     25
51     9
70     26
65     14
72     17
58     19
52     23
65     19
38     9
92     24
75     16
40     10
23     7
26     30
20     22
28     28
60     17
50     6
72     19
74     7
14     10
63     21
21     17
22     26
58     17
24     7
71     17
72     20
54     12
53     12
48     28
84     10
51     21
92     28
20     12
43     16
73     24
26     10
24     18
77     26
28     27
53     19
95     19
36     19
15     29
11     11
2      8
26     6
40     11
70     13
96     30
93     14
36     19
68     8
55     18
71     18
95     19
15     28
41     12
84     22
95     17
42     22
67     13
