1 0 0 0 0 0 0 0 1 0 1 1 1 0 1 1 0 1 0 0 1 1 1 0 0 1 1 1 1 1 1 1 1 0 0 0 0 1 0 1 1 1 0 1 1 0 1 0 1 0 0 1 1 0 0 0 1 1 0 0 0 1 1 1 1 1 0 1 1 1 1 1 1 1 0 0 1 0 0 0 1 1 0 1 1 1 0 0 0 0 
T_R:45.5556
T_C:93.8889
34.7485 seconds.
ACIERTOS: 169   FALLOS: 11

0 1 0 0 1 1 1 1 1 1 1 0 0 1 0 1 0 0 1 1 1 0 0 0 1 1 1 1 1 1 1 0 0 1 0 1 1 1 1 0 1 1 1 0 0 1 0 1 0 1 0 1 0 1 0 1 1 0 1 0 1 0 0 1 0 1 1 0 1 0 1 0 0 0 1 0 1 0 1 0 1 0 1 1 1 0 0 1 1 1 
T_R:42.2222
T_C:94.4444
34.641 seconds.
ACIERTOS: 170   FALLOS: 10   

1 0 1 1 0 1 0 1 1 0 0 0 0 0 1 0 0 1 1 1 0 0 1 1 1 0 1 1 1 1 1 0 0 1 1 1 0 0 0 0 1 0 1 1 0 1 0 0 1 1 0 0 1 1 1 1 0 1 1 1 0 1 0 0 0 0 1 0 1 0 1 0 1 1 0 0 0 0 0 1 0 1 0 0 0 1 0 1 0 0 
T_R:51.1111
T_C:91.1111
34.4931 seconds.
ACIERTOS: 164   FALLOS: 16   

1 1 1 0 1 0 0 0 1 0 0 1 0 1 0 1 1 1 1 1 0 1 1 0 0 1 0 1 1 0 0 1 0 0 0 0 1 1 0 1 0 0 1 1 0 0 1 0 1 0 1 1 0 0 1 1 0 1 0 0 0 1 1 1 0 0 1 1 1 0 0 1 1 1 0 0 1 0 1 1 0 1 1 0 1 0 0 1 0 1 
T_R:47.7778
T_C:92.2222
33.4413 seconds.
ACIERTOS: 166   FALLOS: 14  

1 1 0 1 1 1 1 0 1 1 1 0 0 1 1 1 0 0 0 0 0 0 1 1 0 1 1 1 1 0 0 1 0 1 0 0 1 1 0 0 0 0 1 0 1 1 1 0 0 0 0 0 0 0 0 1 0 0 1 1 1 0 1 0 1 0 1 1 1 1 1 1 0 1 0 1 0 1 0 0 1 1 1 1 1 0 0 0 0 0 
T_R:48.8889
T_C: 94.4444
34.9326 seconds.
ACIERTOS: 170   FALLOS: 10

1 0 0 1 0 0 1 1 0 1 0 0 1 0 0 1 1 1 1 1 0 0 0 1 0 1 1 0 0 0 0 0 0 0 1 1 0 0 0 1 0 0 0 0 1 1 1 0 0 0 0 1 0 1 1 0 0 1 1 1 0 1 0 1 0 1 0 1 1 1 1 0 0 1 1 0 0 0 1 1 1 0 1 0 0 1 1 1 1 1 
T_R:51.1111
T_C:95.5556
38.7557 seconds.
ACIERTOS: 172   FALLOS: 8

0 0 1 1 1 1 1 0 0 1 0 0 0 0 1 0 0 1 1 0 1 1 1 1 0 0 1 1 1 1 1 0 0 1 0 0 0 1 0 0 0 0 0 1 0 1 0 1 1 1 0 1 0 1 1 0 1 1 1 1 1 0 1 1 1 1 1 1 0 0 0 1 1 1 1 0 1 0 0 1 0 1 1 0 1 1 0 1 0 1 
T_R:43.3333
T_C:93.8889
36.5763 seconds.
ACIERTOS: 169   FALLOS: 11

0 1 1 0 0 0 1 0 0 1 0 0 1 0 1 1 0 0 1 0 0 0 0 1 1 0 0 1 1 0 0 1 0 0 0 0 1 1 1 1 1 1 0 0 1 1 1 1 1 0 1 1 1 1 0 0 1 0 1 1 1 1 0 0 0 1 0 0 0 0 1 1 1 1 1 0 0 1 0 1 0 0 1 0 0 1 0 0 1 0 
T_R:51.1111
T_C: 95
34.9063 seconds.
ACIERTOS: 171   FALLOS: 9   

0 1 1 0 0 1 1 1 0 0 0 0 0 1 1 0 0 0 0 1 1 0 0 1 0 0 1 1 1 1 0 0 0 1 1 0 0 0 1 0 1 1 0 0 0 1 1 1 1 1 1 1 1 1 1 1 1 1 1 0 0 1 1 1 1 0 1 0 1 1 1 1 0 0 1 1 1 0 1 0 1 1 1 0 0 0 0 1 0 0 
T_R:44.4444
T_C: 91.6667
36.7927 seconds.
ACIERTOS: 165   FALLOS: 15   

1 1 0 1 1 1 0 1 1 1 1 1 0 1 1 1 0 1 1 1 0 1 0 0 1 0 0 1 1 0 1 0 1 0 1 0 1 0 1 1 1 0 1 0 1 1 0 1 0 1 1 1 1 1 1 0 1 0 1 1 0 1 0 1 0 1 0 1 0 1 1 1 1 0 1 1 1 1 1 0 0 0 1 0 1 0 0 0 1 1 
T_R:36.6667
T_C: 90
34.7732 seconds.
ACIERTOS: 162   FALLOS: 18







0 0 0 0 0 0 0 0 1 0 1 1 1 0 1 1 0 1 0 0 1 1 1 0 0 1 1 1 1 1 1 1 1 0 0 0 0 1 0 1 1 1 0 1 1 0 1 0 1 0 0 1 1 0 0 0 1 1 0 0 0 1 1 1 1 1 0 1 1 1 1 1 1 1 0 0 1 0 0 0 1 1 0 1 1 1 0 0 0 0 0 0 1 0 1 1 1 0 1 1 1 1 0 1 0 1 0 1 0 1 1 0 1 0 1 1 0 1 0 1 1 1 0 1 1 0 1 1 0 1 1 0 1 0 0 1 0 0 1 1 1 1 0 1 0 1 0 0 1 0 0 1 1 1 1 1 0 0 0 1 1 1 1 0 1 0 1 1 0 1 1 0 0 1 1 0 0 0 1 0 1 0 0 0 1 1 1 0 1 1 0 0 0 1 0 1 0 0 0 1 1 0 0 1 0 1 1 0 0 1 1 1 1 0 0 0 0 0 0 1 1 0 1 0 0 0 1 1 1 0 1 0 0 0 0 1 0 1 1 0 1 1 1 0 0 0 1 1 1 1 0 1 0 1 0 1 0 1 0 0 1 0 1 1 0 1 0 0 1 1 1 0 0 1 1 1 1 1 
T_R:46.0432
T_C:78.7565
133.3 seconds.
ACIERTOS: 152   FALLOS: 41   

1 1 1 1 0 1 1 1 1 1 1 1 1 1 0 1 0 1 1 0 1 0 1 1 0 0 1 1 1 1 0 1 1 1 1 0 0 0 0 0 0 0 0 1 0 1 0 1 0 0 0 0 0 0 0 1 1 0 0 1 1 1 1 1 0 1 0 1 1 1 1 0 1 1 0 1 0 0 0 1 1 1 0 0 1 0 1 0 0 0 0 1 1 0 0 1 1 0 0 0 0 0 1 0 1 1 0 1 1 0 0 1 0 1 0 1 0 1 1 1 1 0 1 0 1 0 0 0 0 1 1 1 0 1 1 1 1 0 0 1 1 0 0 1 0 1 1 1 0 1 0 1 0 1 1 0 0 1 0 0 1 1 0 0 1 1 1 1 0 1 0 0 0 1 1 0 1 1 0 0 1 1 0 1 0 1 1 1 0 1 0 0 1 0 0 0 1 0 1 0 1 0 0 1 1 0 0 0 1 1 0 1 0 0 1 0 1 1 1 1 0 1 1 1 0 1 1 0 1 0 0 0 1 1 0 1 1 1 1 1 1 1 1 1 1 0 0 0 0 1 1 0 1 0 1 1 0 0 0 0 0 1 0 0 1 1 1 0 0 1 1 1 0 1 1 1 1 1 
T_R:44.964
T_C: 78.7565
135.124 seconds.
ACIERTOS: 152   FALLOS: 41

1 1 0 0 0 1 0 1 0 1 1 0 1 1 1 1 0 1 0 0 1 0 0 1 1 0 0 1 0 0 1 0 0 0 1 1 1 0 1 1 1 1 0 1 1 1 0 1 1 0 1 0 0 0 1 0 0 1 0 1 0 1 1 1 1 1 0 1 1 0 0 1 0 1 1 0 0 1 0 0 0 0 1 1 0 1 0 0 1 1 0 0 1 0 1 0 1 1 0 0 1 1 0 1 0 0 0 1 1 1 0 0 1 1 1 0 0 1 1 1 0 0 1 0 1 1 0 1 1 0 1 0 0 1 0 1 0 1 0 1 1 1 1 1 0 0 0 1 0 0 0 1 0 1 0 1 1 0 0 1 1 1 1 0 0 1 0 0 0 0 0 1 0 0 0 0 0 0 0 1 1 1 1 1 0 1 1 1 1 0 0 1 1 1 0 0 1 1 0 1 0 1 0 0 1 1 0 1 1 0 1 0 1 1 1 1 1 0 1 0 0 1 0 0 0 1 1 1 1 0 0 0 0 0 0 0 0 1 0 1 1 0 1 0 0 0 0 0 0 1 1 0 0 0 0 0 1 1 1 1 0 0 0 1 0 1 1 1 0 0 0 0 1 0 1 1 1 0 
T_R:50
T_C: 83.9378
144.238 seconds.
ACIERTOS: 162   FALLOS: 31   

1 1 0 1 0 0 0 0 0 0 1 0 1 0 0 0 0 1 1 1 1 0 0 0 1 1 0 1 1 1 1 1 1 1 0 0 0 0 1 0 1 0 1 0 0 0 0 1 0 1 0 0 1 0 1 1 0 0 1 1 1 1 1 1 1 0 1 1 1 1 0 0 0 0 0 1 1 0 1 0 1 1 1 1 1 1 1 0 0 1 1 0 0 0 0 1 0 1 1 1 1 0 1 0 1 1 0 0 1 0 1 1 1 1 0 0 0 1 0 0 1 1 0 1 0 0 1 0 0 1 1 1 1 1 0 0 0 1 0 1 1 0 0 0 0 0 0 0 1 1 0 0 0 1 0 0 0 0 1 1 1 0 0 0 0 1 0 1 1 0 0 1 1 1 0 1 0 1 0 1 0 1 1 1 1 0 0 1 1 0 0 0 1 1 1 0 1 0 0 1 1 1 1 1 0 1 1 1 1 0 1 0 1 0 0 1 1 0 0 0 0 1 0 1 0 1 1 1 0 0 0 0 1 1 0 0 1 0 1 1 0 0 1 1 0 0 0 0 1 1 0 1 0 0 1 1 1 1 1 1 0 0 1 1 0 1 1 0 0 0 1 0 0 1 0 0 0 0 
T_R:49.6403
T_C:77.7202
134.092 seconds.
ACIERTOS: 150   FALLOS: 43 

0 0 1 1 1 1 0 1 1 1 0 1 0 0 0 1 0 1 0 1 0 1 0 0 1 0 0 1 1 0 1 0 0 1 1 0 1 1 1 0 0 1 1 1 0 1 1 1 0 0 0 1 0 0 1 1 0 0 1 0 1 0 0 0 1 0 1 0 1 0 1 1 0 0 0 0 1 0 0 1 0 1 1 1 1 0 1 1 1 0 1 0 1 0 1 1 1 1 1 0 0 1 0 0 0 0 1 0 0 1 1 0 1 1 1 1 0 0 1 1 1 1 1 0 0 1 0 0 0 1 0 0 0 0 0 1 0 1 0 1 1 1 0 1 0 1 1 0 1 1 1 1 1 0 1 1 1 1 1 1 0 0 0 1 1 1 1 0 1 0 0 1 0 1 1 0 1 1 0 1 0 1 0 1 1 0 0 1 1 1 0 1 0 0 1 1 0 1 0 1 0 0 1 1 1 0 0 0 1 1 0 1 1 1 1 1 1 1 0 1 0 1 1 0 0 1 1 0 0 1 0 0 1 1 0 0 1 0 1 1 0 0 0 0 1 1 0 0 1 0 0 0 0 1 1 0 0 0 0 0 0 1 0 0 0 0 0 0 1 1 1 1 0 1 1 0 1 1 
T_R:47.482
T_C: 79.2746
139.455 seconds.
ACIERTOS: 153   FALLOS: 40

1 1 0 1 0 0 0 0 1 0 0 1 0 0 0 0 1 1 1 1 0 0 1 0 0 0 1 1 0 0 1 0 0 0 1 0 1 0 0 1 1 0 1 1 0 1 1 0 0 0 0 0 1 0 1 0 0 0 1 0 0 0 1 0 0 0 0 1 0 0 1 1 1 0 0 0 1 0 0 1 0 0 1 0 1 1 0 0 1 0 0 0 0 1 1 0 0 1 1 0 0 1 0 0 0 0 1 1 1 1 1 1 0 0 1 1 1 1 1 0 1 1 1 1 0 0 1 0 1 1 1 1 0 0 0 1 0 0 0 0 1 1 1 1 1 0 0 1 0 1 0 0 1 0 0 1 0 0 1 0 0 0 0 1 0 1 1 1 0 1 1 0 0 1 0 1 0 0 1 0 1 1 1 1 1 0 1 0 0 0 0 0 0 1 0 0 1 0 0 0 1 1 0 0 1 1 0 0 0 0 0 0 0 1 1 1 1 1 0 1 0 1 0 0 0 1 1 0 1 0 1 0 0 1 0 0 0 1 0 0 0 1 1 1 0 1 1 1 1 0 1 0 0 1 1 1 1 1 1 1 1 1 0 1 1 0 1 1 0 0 0 0 1 1 1 1 1 0 
T_R:52.8777
T_C: 79.2746
137.126 seconds.
ACIERTOS: 153   FALLOS: 40

1 1 0 1 1 1 0 0 0 0 0 0 0 0 1 0 1 0 0 0 0 0 1 1 0 0 0 0 0 1 0 0 0 0 0 0 0 1 1 1 1 0 1 1 0 1 0 1 1 1 1 0 0 1 1 1 0 0 0 0 0 1 1 0 0 0 0 1 1 0 0 1 0 0 1 1 1 1 0 0 0 1 1 0 0 0 1 0 1 1 0 0 0 1 1 1 1 1 1 1 1 1 1 1 1 1 1 0 0 1 1 1 1 0 1 0 1 1 1 1 0 0 1 1 1 0 1 0 1 1 1 0 0 0 0 1 0 0 1 0 0 0 1 1 1 1 1 0 0 0 1 0 1 0 0 1 0 1 0 0 0 0 0 0 0 1 0 1 1 1 1 0 0 0 0 1 0 0 1 0 1 0 0 0 1 0 1 0 0 1 0 1 0 0 0 1 0 0 0 0 0 0 0 0 1 0 0 1 1 0 0 1 0 1 1 0 1 1 1 0 1 1 1 1 1 0 1 0 0 0 1 0 1 0 1 0 0 0 0 0 1 1 0 0 0 0 1 1 1 1 1 0 0 1 1 1 0 0 0 1 1 0 0 0 1 0 1 0 1 1 0 1 0 0 0 0 0 1 
T_R:53.9568
T_C: 81.3472
141.023 seconds.
ACIERTOS: 157   FALLOS: 36

0 0 0 0 1 0 1 0 0 1 1 0 1 1 0 1 0 0 1 0 0 1 1 1 0 0 1 1 1 0 0 1 0 0 0 0 0 1 0 0 0 1 0 1 1 0 1 0 0 0 0 0 0 0 1 1 0 1 1 1 0 1 0 1 1 0 1 0 0 0 1 0 1 0 1 1 0 0 0 0 0 1 1 1 1 0 0 0 1 0 0 1 0 0 1 1 0 0 1 0 0 1 0 0 1 1 1 0 0 1 1 0 0 1 0 1 0 0 1 0 0 0 1 0 0 1 1 0 1 1 0 0 0 0 1 0 1 0 1 1 1 1 0 0 1 1 0 0 0 1 1 0 1 0 0 1 1 0 0 1 1 0 0 0 0 1 0 0 1 0 1 1 1 0 1 1 0 1 1 0 1 1 0 0 1 0 0 1 1 0 0 0 1 0 0 1 0 1 0 1 1 0 0 0 1 0 1 1 1 0 0 1 1 1 1 0 0 1 0 1 0 0 1 1 0 0 1 0 1 0 0 1 1 1 0 1 0 1 0 0 1 0 0 1 1 0 0 1 1 0 1 0 1 0 0 1 0 0 0 0 1 1 0 1 0 0 1 0 1 0 1 1 0 0 0 1 0 1 
T_R:54.6763
T_C: 83.4197
141.71 seconds.
ACIERTOS: 161   FALLOS: 32

0 0 0 1 0 0 1 0 1 0 0 0 0 1 1 1 1 0 0 0 1 1 1 0 0 1 1 1 1 1 0 1 0 1 1 1 0 0 1 1 0 0 1 1 0 1 0 1 1 0 0 1 1 0 0 1 1 1 1 1 0 0 1 0 0 1 1 0 0 0 0 1 1 1 1 0 0 1 1 0 0 1 0 0 1 0 0 1 1 1 0 1 0 1 1 0 1 0 0 0 0 1 0 0 0 0 1 1 1 0 1 0 1 0 1 0 1 1 1 0 0 1 0 1 1 0 0 0 0 1 0 1 0 0 1 0 1 0 1 0 0 0 1 0 1 1 1 0 0 1 0 1 1 0 1 0 0 0 1 1 0 1 0 0 1 0 0 0 1 1 0 1 0 1 0 1 1 1 1 0 1 0 0 0 0 1 1 1 1 0 0 1 1 0 1 1 0 1 1 0 0 1 1 1 1 1 0 0 1 0 1 1 0 0 1 0 1 1 0 1 1 1 0 0 1 1 1 0 0 1 0 0 0 0 1 1 1 0 1 0 0 1 0 0 0 0 0 0 1 1 0 1 1 1 0 0 1 0 1 0 1 0 1 1 0 1 1 0 1 1 1 1 0 0 1 0 0 1 
T_R:49.2806
T_C:0.829
134.998 seconds.
ACIERTOS: 156   FALLOS: 37   

1 0 1 1 0 1 0 1 0 1 1 1 0 0 1 0 1 0 0 1 1 0 0 0 1 0 0 0 0 0 1 0 0 1 0 0 0 1 1 0 0 1 1 0 1 0 0 1 0 0 1 0 0 1 0 1 1 0 0 1 1 1 1 0 1 1 1 1 1 1 0 0 1 1 0 1 0 1 0 1 1 1 1 0 0 1 1 1 0 1 0 1 0 1 0 1 1 1 0 1 1 1 1 0 0 1 0 0 0 0 1 1 0 0 1 1 0 0 0 0 1 1 0 1 0 0 0 0 1 1 1 0 1 1 0 1 1 1 1 1 0 0 0 0 1 1 1 1 1 1 1 0 1 0 0 1 0 1 1 0 0 0 1 0 0 1 1 0 1 0 1 0 0 1 0 1 1 1 1 0 0 0 0 0 0 0 1 0 1 0 1 0 0 0 0 0 0 0 1 0 1 0 1 0 0 1 0 1 1 1 1 0 1 1 0 0 0 1 0 0 0 0 0 1 1 0 1 0 1 1 1 1 1 1 1 0 0 1 0 1 0 1 0 1 1 1 1 0 0 0 1 1 0 0 1 0 0 1 0 0 0 0 1 1 1 1 1 1 1 0 0 1 1 0 1 1 1 0 
T_R:48.9209
T_C: 78.7565
141.129 seconds.
ACIERTOS: 152   FALLOS: 41 






1 0 0 0 0 0 1 0 1 1 1 1 1 0 0 1 1 1 1 0 0 1 1 1 1 0 0 1 1 0 
T_R:43.3333
T_C:96.4912
55.7966 seconds.
ACIERTOS: 275   FALLOS: 10 

1 1 1 0 0 0 0 1 0 0 0 1 1 1 0 1 0 1 0 0 0 0 1 1 0 1 1 1 0 1 
T_R:50
T_C:97.8947
59.1732 seconds.
ACIERTOS: 279   FALLOS: 6 

0 0 0 1 0 1 0 1 0 1 0 1 0 0 0 1 0 0 0 1 0 1 1 0 1 1 0 1 0 0 
T_R:60
T_C:97.5439
55.7085 seconds.
ACIERTOS: 278   FALLOS: 7 

0 0 1 1 1 0 0 0 0 1 1 0 0 1 0 0 1 1 1 0 0 1 1 0 0 1 0 0 1 1 
T_R:53.3333
T_C:97.8947
59.6451 seconds.
ACIERTOS: 279   FALLOS: 6  

0 0 1 0 1 1 1 1 1 1 1 0 0 1 0 0 0 1 0 0 1 0 0 1 0 0 1 0 0 1 
T_R:53.3333
T_C:95.7895
58.8525 seconds.
ACIERTOS: 273   FALLOS: 12 

0 0 1 0 0 0 1 1 1 0 0 1 1 0 1 1 1 0 1 1 1 0 1 0 1 0 0 1 1 1 
T_R:43.3333
T_C:98.2456
57.8605 seconds.
ACIERTOS: 280   FALLOS: 5  

1 0 0 1 1 1 1 1 1 1 1 1 1 1 0 0 1 1 1 1 1 1 0 1 1 1 1 1 0 1 
T_R:20
T_C:97.193
57.0123 seconds.
ACIERTOS: 277   FALLOS: 8   

0 1 0 0 0 1 1 0 1 0 0 0 0 1 0 1 0 0 0 1 1 0 0 0 0 1 1 0 1 1 
T_R:60
T_C: 98.9474
57.305 seconds.
ACIERTOS: 282   FALLOS: 3 

1 0 1 1 0 1 0 0 0 1 1 0 0 1 1 1 1 0 0 1 0 1 1 1 0 1 1 1 0 1 
T_R:40
T_C:97.193
64.7842 seconds.
ACIERTOS: 277   FALLOS: 8 

0 1 0 0 1 0 1 0 1 0 1 1 1 1 1 1 1 0 0 0 0 0 1 1 1 1 0 0 1 1 
T_R:43.3333
T_C:96.4912
57.4776 seconds.
ACIERTOS: 275   FALLOS: 10
