primeroMejor 1
0 1 0 0 0 0 0 0 0 0 1 1 1 0 1 1 0 1 0 0 1 1 1 0 0 1 1 1 0 1 0 1 1 0 0 0 0 1 0 1 1 1 0 1 1 0 1 0 0 0 0 1 1 0 0 0 1 1 0 0 0 1 1 1 1 1 0 1 1 1 1 1 1 1 0 0 1 0 0 0 1 1 0 1 1 1 0 0 0 0 
T_R:50
ACIERTOS: 168   FALLOS: 12   Porcentaje Acierto: 93,3333
39,4148 seconds,

primeroMejor 2
0 0 0 0 1 1 1 0 1 1 1 1 0 1 0 1 0 1 0 0 1 0 1 0 1 1 0 1 0 1 1 1 0 1 1 0 1 1 0 1 1 0 1 0 0 1 0 0 1 1 1 1 0 1 0 1 0 0 1 0 0 1 1 1 1 1 0 0 0 1 1 1 1 0 1 0 1 0 0 1 1 0 0 1 1 0 0 0 1 0 
T_R:45,5556
ACIERTOS: 171   FALLOS: 9   Porcentaje Acierto: 95
38,8089 seconds,

primeroMejor 3
0 0 0 0 0 1 1 0 1 1 0 0 0 1 0 1 0 0 0 1 1 0 0 1 0 1 1 0 0 1 1 1 1 1 0 0 0 0 0 1 1 0 1 0 0 0 1 1 1 0 1 0 0 0 0 1 0 1 1 0 1 1 1 0 0 0 1 1 1 1 0 1 0 1 0 1 0 1 0 0 1 0 1 1 0 1 0 0 1 1 
T_R:52,2222
ACIERTOS: 164   FALLOS: 16   Porcentaje Acierto: 91,1111
24,659 seconds,

primeroMejor 4
0 0 0 1 1 1 1 1 1 1 0 0 1 0 1 0 0 1 1 1 0 0 0 1 1 1 1 1 1 1 0 0 1 0 1 1 1 1 0 1 1 1 0 0 1 0 1 0 1 0 1 0 1 0 1 1 0 1 0 1 0 0 1 0 1 1 0 1 0 1 0 0 0 1 0 1 0 1 0 1 0 1 1 1 0 0 0 1 1 1 
T_R:43,3333
ACIERTOS: 166   FALLOS: 14   Porcentaje Acierto: 92,2222
48,9643 seconds,

primeroMejor 5
0 1 1 1 1 1 1 1 0 0 1 0 0 0 0 1 0 0 0 0 1 1 1 0 1 1 0 0 1 0 0 1 1 0 0 1 1 1 0 1 0 1 0 1 0 0 0 1 0 0 1 1 0 1 1 0 1 0 0 0 1 0 0 1 1 1 1 1 1 0 0 0 1 1 0 0 1 1 1 0 1 1 0 0 0 0 0 1 0 0 
T_R:51,1111
ACIERTOS: 171   FALLOS: 9   Porcentaje Acierto: 95
24,5232 seconds,

primeroMejor 6
1 1 1 0 0 1 0 0 0 1 1 0 1 1 0 0 0 0 1 1 1 1 1 1 0 1 1 1 1 1 1 1 1 1 0 1 0 1 1 1 1 0 1 1 0 0 1 1 1 1 0 1 1 1 1 0 0 0 0 0 0 0 0 1 0 1 0 1 0 0 0 0 0 0 0 1 1 0 0 1 1 1 1 1 0 1 0 1 1 1 
T_R:42,2222
ACIERTOS: 169   FALLOS: 11   Porcentaje Acierto: 93,8889
27,7698 seconds,

primeroMejor 7
0 0 1 1 0 1 0 0 0 1 1 1 0 0 1 0 1 0 0 0 0 1 1 0 0 1 1 0 0 0 0 0 1 0 1 1 0 1 1 0 0 1 0 1 0 1 0 1 1 1 1 0 1 0 1 0 0 0 0 1 1 1 0 1 1 1 1 0 0 1 1 0 0 1 0 1 1 1 0 1 0 1 0 1 1 0 0 1 0 0 
T_R:51,1111
ACIERTOS: 169   FALLOS: 11   Porcentaje Acierto: 93,8889
16,703 seconds,

primeroMejor 8
1 1 1 0 1 1 1 1 0 1 0 0 0 1 1 0 1 1 1 0 1 1 0 1 0 1 1 1 0 1 0 0 1 0 0 0 1 0 1 0 1 0 0 1 1 0 0 0 1 1 0 1 0 0 1 0 1 1 1 1 0 1 1 1 0 1 1 0 1 0 0 0 1 1 0 1 1 1 1 1 1 1 1 1 1 0 0 0 0 1 
T_R:41,1111
ACIERTOS: 173   FALLOS: 7   Porcentaje Acierto: 96,1111
21,405 seconds,

primeroMejor 9
0 1 1 0 1 1 0 0 0 0 0 1 0 0 1 1 1 0 0 1 1 1 0 1 1 1 0 1 0 0 0 1 1 0 0 0 0 1 0 1 1 0 1 0 0 1 1 0 0 1 1 1 1 0 1 1 1 1 1 0 0 0 0 1 0 1 0 1 0 1 1 0 0 0 0 0 1 0 1 0 0 0 1 0 1 0 0 0 1 1 
T_R:52,2222
ACIERTOS: 166   FALLOS: 14   Porcentaje Acierto: 92,2222
38,1619 seconds,

primeroMejor 10
0 1 0 0 0 0 0 1 1 1 0 0 0 0 0 1 1 0 1 0 0 1 1 1 0 1 1 1 1 1 0 0 1 1 0 0 0 0 0 1 0 1 1 1 1 1 1 1 0 0 0 0 0 0 0 0 1 0 1 1 0 1 1 0 1 1 1 0 1 1 0 0 1 0 0 0 1 1 1 0 1 0 1 0 1 1 1 1 1 0 
T_R:48,8889
ACIERTOS: 165   FALLOS: 15   Porcentaje Acierto: 91,6667
30,9574 seconds,






primeroMejor 11
1 0 1 1 1 1 0 0 1 1 0 1 0 1 0 0 0 0 1 0 1 1 0 1 0 0 1 0 0 1 0 0 0 1 0 1 0 0 0 1 1 1 0 0 0 0 0 1 0 1 1 0 1 0 1 1 0 1 0 0 1 0 0 1 1 0 0 1 0 0 1 0 0 0 1 0 1 0 1 1 1 1 0 1 1 1 0 1 1 0 1 0 0 0 1 0 0 1 0 1 0 1 1 0 1 1 0 1 1 0 0 1 0 1 1 0 0 1 0 0 0 0 1 1 0 1 0 0 1 1 0 0 1 0 1 0 1 1 0 0 1 1 0 1 0 0 0 0 1 1 0 0 1 1 1 0 0 1 1 1 0 0 1 0 1 1 0 1 1 0 1 0 0 1 0 1 0 1 0 1 1 1 1 1 0 0 0 1 0 0 0 0 0 1 0 1 1 0 0 1 1 1 1 0 0 1 0 0 0 1 0 1 0 0 0 0 0 0 0 1 1 1 1 1 0 1 1 1 1 0 0 1 1 1 0 0 1 1 0 1 0 1 0 0 1 1 0 1 1 0 1 0 1 1 1 1 1 0 1 0 0 1 0 0 0 1 1 1 1 0 0 0 0 0 0 0 0 1 
T_R:51,4388
ACIERTOS: 161   FALLOS: 32   Porcentaje Acierto: 83,4197
765,212 seconds,
primeroMejor 12
1 0 0 1 1 0 0 0 0 0 1 1 1 0 0 0 0 0 1 1 1 1 0 0 0 1 1 1 1 1 0 0 0 0 1 0 1 1 1 1 1 1 1 1 0 0 0 1 1 0 0 0 0 1 0 0 0 1 0 1 0 0 0 1 0 0 1 1 1 0 1 1 0 1 1 1 0 0 1 1 1 1 1 1 0 1 1 1 0 1 1 1 1 0 0 1 0 0 0 1 1 0 1 1 1 1 0 0 1 0 1 0 0 1 1 0 0 0 0 1 0 1 1 1 0 0 0 0 0 0 0 0 1 0 0 1 1 1 0 1 0 1 0 1 1 1 1 1 1 0 1 0 1 0 1 0 0 1 1 1 1 1 0 0 0 0 0 0 0 1 0 0 0 0 1 0 1 1 1 1 1 0 1 1 0 1 0 1 0 1 0 0 1 1 0 0 0 1 1 0 0 0 1 0 0 0 0 0 0 1 0 1 0 0 1 0 0 0 0 1 0 0 0 0 0 1 0 0 0 1 0 0 1 1 0 1 0 0 0 0 0 0 1 0 1 0 0 0 0 1 1 1 1 0 0 0 1 1 0 1 1 1 1 1 1 1 0 0 0 0 1 0 1 0 1 0 0 0 
T_R:53,2374
ACIERTOS: 149   FALLOS: 44   Porcentaje Acierto: 77,2021
626,407 seconds,
primeroMejor 13
0 0 1 1 0 1 0 0 1 0 0 0 1 1 0 1 1 1 1 1 1 1 1 0 0 0 0 0 0 1 1 0 1 0 1 1 1 1 1 1 1 0 1 1 1 0 0 0 0 1 0 1 1 1 1 1 1 0 1 1 0 0 1 0 1 1 1 1 0 0 0 1 0 0 1 1 0 1 0 0 1 0 0 1 1 1 1 1 1 0 0 1 0 1 0 0 0 0 0 0 0 0 1 1 0 0 0 1 0 0 0 0 1 1 1 0 0 0 0 1 0 1 1 0 0 1 1 1 0 1 0 1 0 1 0 1 1 1 1 0 0 1 1 0 0 0 1 1 1 0 1 0 0 1 1 1 1 1 0 1 1 1 1 0 1 0 1 0 0 1 1 0 0 0 0 1 0 1 0 1 1 1 0 0 0 0 1 1 0 0 1 0 1 1 0 0 1 1 0 0 0 0 1 1 0 1 0 0 1 1 1 1 1 1 0 0 1 1 0 1 1 0 0 0 1 0 0 1 0 0 0 0 0 0 0 0 0 0 0 1 0 0 1 1 0 1 0 1 1 0 0 1 0 0 0 0 1 1 0 0 1 0 1 0 1 1 0 1 1 0 0 0 1 1 0 0 0 0 
T_R:51,0791
ACIERTOS: 156   FALLOS: 37   Porcentaje Acierto: 80,829
440,896 seconds,
primeroMejor 14
1 0 1 1 0 0 1 0 1 0 0 0 0 0 0 0 1 1 0 0 0 1 1 1 0 1 0 1 1 0 1 0 0 0 0 1 1 0 0 1 1 1 1 1 1 0 0 0 1 1 1 1 0 0 1 0 1 1 0 0 0 1 1 0 1 1 0 1 1 0 1 0 0 1 1 1 1 1 0 1 1 0 0 1 1 0 1 1 0 1 0 0 1 0 0 0 1 0 1 0 1 1 1 0 0 1 0 0 0 1 0 0 1 1 0 1 0 0 1 0 1 0 1 1 1 1 0 0 0 1 0 1 1 0 1 0 0 0 0 0 0 0 0 0 0 1 0 0 1 1 1 1 0 1 1 1 0 1 0 0 0 1 0 1 0 1 0 1 0 0 1 0 0 1 1 0 1 0 0 1 1 0 1 1 1 0 0 1 1 1 0 1 1 1 0 0 0 1 0 0 1 1 0 0 1 0 1 0 0 0 1 0 1 0 1 0 1 1 0 0 0 0 1 0 0 1 0 1 1 1 1 0 1 1 1 0 1 0 1 0 1 1 1 1 1 0 0 1 0 0 0 0 1 0 0 1 1 0 1 1 1 1 0 0 1 1 1 1 1 0 0 1 0 0 0 1 0 0 
T_R:50,3597
ACIERTOS: 157   FALLOS: 36   Porcentaje Acierto: 81,3472
943,612 seconds,
primeroMejor 15
primeroMejor 15
1 0 0 0 0 0 1 1 1 0 1 1 1 0 0 1 1 1 0 0 1 1 1 0 0 1 1 1 1 1 1 0 1 0 0 0 0 1 0 1 1 1 0 0 1 0 1 0 1 0 0 1 1 0 0 0 1 1 0 0 0 1 0 0 1 1 0 1 1 0 1 1 1 1 0 0 1 0 0 0 1 1 0 1 1 1 0 0 0 0 0 0 1 0 1 1 1 0 1 1 1 1 0 1 0 1 0 1 0 0 1 0 1 0 1 1 0 1 0 1 1 1 1 1 1 0 1 1 0 1 1 0 1 0 0 1 0 0 1 1 1 1 0 1 0 1 0 0 1 0 0 1 1 1 1 1 0 0 0 1 1 1 1 0 1 0 1 1 0 1 1 0 0 1 1 0 0 0 1 1 1 0 0 0 1 1 1 0 1 1 0 0 0 1 0 1 0 0 0 1 1 0 0 1 0 1 1 0 0 1 1 1 1 0 0 0 0 0 0 1 1 0 1 0 0 0 1 1 1 0 1 0 0 0 0 1 0 1 1 0 1 1 1 0 0 0 1 1 1 1 0 1 0 1 0 1 0 1 0 0 1 0 1 1 0 1 0 0 1 1 1 0 0 1 1 1 1 1 
T_R:46,4029
ACIERTOS: 151   FALLOS: 42   Porcentaje Acierto: 78,2383
606,898 seconds,
primeroMejor 16
0 1 1 1 1 0 1 0 0 1 1 1 0 0 0 1 1 1 1 1 1 1 0 0 1 0 1 1 1 1 0 1 1 1 0 0 1 0 1 0 1 0 1 0 1 0 1 1 0 1 1 1 0 1 1 0 1 1 0 1 0 1 1 0 1 1 0 1 0 1 0 1 0 1 1 1 0 0 1 1 1 1 1 1 1 1 1 1 1 1 0 0 1 0 0 0 0 0 0 0 0 0 1 1 1 0 0 1 0 0 1 0 0 0 1 0 0 1 1 1 0 1 0 1 0 1 0 0 0 1 0 0 1 1 0 1 1 0 1 0 0 0 1 0 0 1 1 1 1 1 1 0 0 0 1 1 0 0 1 1 1 0 1 1 0 0 0 0 0 1 0 0 0 0 1 0 0 1 0 0 0 1 1 0 1 1 0 0 1 0 1 0 1 1 1 1 0 1 1 1 1 1 1 1 1 1 0 1 0 1 1 0 1 0 1 1 0 0 1 1 1 1 0 1 1 1 1 0 0 0 0 0 0 0 0 1 0 1 0 1 0 0 0 0 0 0 0 1 1 0 0 1 1 1 1 1 0 1 0 1 1 1 1 0 1 1 0 1 0 0 0 1 1 1 0 0 1 0 
T_R:45,6835
ACIERTOS: 151   FALLOS: 42   Porcentaje Acierto: 78,2383
540,398 seconds,
primeroMejor 17
1 0 0 0 1 0 0 0 0 1 0 0 0 0 0 1 1 0 1 1 0 1 1 0 0 1 0 0 0 1 0 1 1 1 1 0 0 0 1 0 0 1 0 1 0 1 0 1 1 1 1 0 0 1 1 0 1 1 0 1 1 1 1 1 0 1 0 1 1 0 0 1 0 0 1 1 1 0 1 1 1 1 0 1 0 0 0 1 1 0 1 1 0 0 0 1 0 1 0 1 1 1 0 1 0 0 1 0 0 0 1 0 1 0 1 0 0 1 1 0 0 0 1 1 0 1 0 0 1 0 1 1 1 1 0 1 1 1 0 1 1 0 1 0 0 0 1 1 0 1 1 1 1 1 1 1 1 1 1 0 0 0 0 1 1 0 1 0 1 1 0 0 0 0 0 1 0 0 1 1 1 0 0 1 1 1 0 1 1 1 1 1 0 0 1 1 1 0 0 0 0 1 0 1 1 0 1 0 0 1 1 0 0 1 1 1 1 0 1 1 1 0 1 0 0 0 0 1 0 1 0 1 0 1 1 0 0 0 0 0 1 0 1 0 0 0 1 0 1 0 0 0 1 1 1 1 0 0 1 0 0 1 1 1 0 0 0 0 0 1 1 0 1 0 0 0 1 1 
T_R:48,9209
ACIERTOS: 153   FALLOS: 40   Porcentaje Acierto: 79,2746
460,784 seconds,
primeroMejor 18
1 1 0 1 0 1 0 0 1 1 0 1 1 0 0 1 0 1 1 1 1 1 1 1 0 0 0 0 0 0 0 0 1 0 1 1 0 1 1 0 1 1 1 0 1 1 0 0 1 0 1 0 1 1 1 0 1 0 1 0 1 1 1 1 1 0 1 0 0 1 1 0 1 0 0 1 1 1 0 1 0 0 0 0 1 0 1 1 0 1 0 0 1 0 0 1 0 0 0 0 0 0 0 0 0 0 1 1 0 0 0 1 0 1 0 1 1 0 1 1 1 1 0 1 0 0 1 0 0 1 1 0 0 1 0 0 1 0 0 0 1 1 1 0 1 1 1 0 0 1 1 1 0 1 1 0 1 0 0 0 1 0 0 1 0 1 0 1 1 1 1 1 0 1 1 0 0 1 0 1 1 0 1 1 0 0 0 0 1 1 0 1 0 0 1 1 0 0 1 0 1 0 1 1 0 0 1 1 0 1 0 0 0 1 1 1 0 0 1 1 1 0 0 1 1 1 0 0 1 0 1 1 0 1 1 0 1 0 0 1 0 1 0 1 0 1 1 1 1 1 0 0 0 1 0 0 0 1 0 1 0 1 1 0 0 1 1 1 1 0 0 1 0 0 0 0 0 1 
T_R:49,2806
ACIERTOS: 155   FALLOS: 38   Porcentaje Acierto: 80,3109
546,647 seconds,
primeroMejor 19
0 1 1 0 0 0 0 1 1 1 1 1 0 0 1 1 1 0 0 1 1 1 0 0 1 1 0 0 0 1 0 0 1 1 0 1 1 0 1 0 1 1 1 1 1 0 1 1 0 1 0 0 0 1 1 1 1 0 0 0 0 0 0 0 0 1 0 1 1 0 1 0 0 0 0 0 0 1 1 0 0 0 0 0 1 1 1 1 0 1 0 1 0 1 1 1 0 0 0 0 1 0 1 1 1 0 1 0 1 1 0 1 0 1 1 0 0 0 1 0 0 1 0 1 0 1 0 0 0 1 0 1 1 1 1 0 1 1 0 1 1 1 0 0 1 0 1 1 1 1 0 1 1 1 0 0 1 1 1 0 0 0 0 0 0 1 1 0 1 1 1 1 0 0 1 0 1 0 0 1 0 0 0 0 0 1 0 1 1 1 0 0 0 0 0 0 0 0 1 0 0 1 1 1 0 1 0 1 0 1 1 1 1 1 1 0 1 0 1 0 1 0 0 1 1 0 1 1 0 0 0 0 0 0 0 1 0 0 0 0 1 0 1 1 1 1 1 1 1 1 0 1 0 1 0 1 0 0 1 1 0 0 0 1 1 0 0 0 1 0 0 0 0 0 0 1 0 1 
T_R:51,4388
ACIERTOS: 148   FALLOS: 45   Porcentaje Acierto: 76,6839
655,349 seconds,
primeroMejor 20
1 0 1 0 1 0 0 0 0 0 0 1 0 1 0 1 0 1 0 0 1 1 0 1 0 0 0 0 0 0 1 0 1 0 0 0 0 1 1 1 1 0 0 0 1 0 0 1 1 1 1 1 1 1 0 0 0 0 1 0 1 0 0 0 0 0 0 1 0 1 0 0 1 0 1 1 0 0 1 1 1 1 1 1 1 0 1 1 1 1 0 0 0 0 0 1 1 0 1 0 1 1 1 0 0 1 1 0 0 1 1 1 0 0 0 1 0 1 1 1 1 0 1 0 1 1 0 0 1 0 1 1 1 1 0 0 0 1 0 0 1 1 0 1 0 0 1 0 0 1 1 1 1 1 0 0 0 1 0 0 1 0 0 0 0 0 0 0 1 1 0 0 0 1 0 0 0 0 1 1 1 1 0 0 0 1 0 1 1 0 0 1 1 1 0 1 0 1 0 1 0 1 1 1 1 0 0 1 1 0 0 0 1 1 1 0 1 0 0 1 1 1 1 1 0 1 1 1 1 0 1 0 1 0 0 1 1 0 0 0 0 1 0 1 0 1 1 1 0 0 0 0 1 1 0 0 1 0 1 1 0 0 1 1 0 0 0 0 1 1 0 1 0 0 1 1 1 1 
T_R:51,0791
ACIERTOS: 156   FALLOS: 37   Porcentaje Acierto: 80,829
639,104 seconds,





primeroMejor 21
1 1 1 0 1 1 1 1 1 0 0 0 1 0 1 1 0 0 0 0 0 0 0 0 0 0 0 1 0 0 
T_R:60
ACIERTOS: 276   FALLOS: 9   Porcentaje Acierto: 96,8421
10,04 seconds,

primeroMejor 22
0 0 0 1 1 1 0 0 0 1 0 0 0 0 1 1 0 0 1 1 1 0 1 1 0 1 1 0 0 0 
T_R:56,6667
ACIERTOS: 276   FALLOS: 9   Porcentaje Acierto: 96,8421
11,5602 seconds,

primeroMejor 23
0 0 0 0 1 0 1 1 0 1 0 0 0 0 1 1 0 0 1 0 0 0 1 1 0 0 0 1 1 1 
T_R:60
ACIERTOS: 277   FALLOS: 8   Porcentaje Acierto: 97,193
11,845 seconds,

primeroMejor 24
0 1 1 1 1 0 0 0 0 0 0 1 1 0 0 1 1 1 0 0 1 1 0 0 1 1 1 1 1 0 
T_R:46,6667
ACIERTOS: 281   FALLOS: 4   Porcentaje Acierto: 98,5965
14,4643 seconds,

primeroMejor 25
0 0 0 1 0 1 0 1 1 1 1 0 0 1 1 1 1 0 0 1 1 1 0 1 0 1 1 1 0 1 
T_R:40
ACIERTOS: 277   FALLOS: 8   Porcentaje Acierto: 97,193
9,08736 seconds,

primeroMejor 26
0 0 1 0 1 1 0 1 0 0 0 0 1 0 0 0 1 0 1 0 0 1 0 0 1 1 0 0 0 1 
T_R:63,3333
ACIERTOS: 282   FALLOS: 3   Porcentaje Acierto: 98,9474
13,6674 seconds,

primeroMejor 27
0 1 0 1 1 0 1 0 0 1 1 0 0 0 0 1 0 1 1 0 0 0 0 0 1 0 0 0 0 0 
T_R:66,6667
ACIERTOS: 275   FALLOS: 10   Porcentaje Acierto: 96,4912
12,8123 seconds,

primeroMejor 28
1 0 0 0 0 0 1 1 0 1 1 1 0 1 0 0 0 1 0 1 0 1 0 1 0 0 0 0 0 1 
T_R:60
ACIERTOS: 279   FALLOS: 6   Porcentaje Acierto: 97,8947
12,6136 seconds,

primeroMejor 29
1 1 1 0 1 1 1 0 1 1 1 0 0 1 1 1 0 1 1 1 0 0 0 1 0 0 0 1 0 0 
T_R:43,3333
ACIERTOS: 274   FALLOS: 11   Porcentaje Acierto: 96,1404
11,7799 seconds,

primeroMejor 30
0 1 1 0 0 1 1 0 1 0 1 0 1 1 0 0 0 0 0 0 0 1 0 1 1 1 1 1 1 0 
T_R:50
ACIERTOS: 276   FALLOS: 9   Porcentaje Acierto: 96,8421
20,6698 seconds,
