Tabu 1
1 0 0 0 0 0 0 0 1 0 1 1 1 0 1 1 0 1 0 0 1 1 1 0 0 1 1 1 1 1 1 1 1 0 0 0 0 1 0 1 1 1 0 1 1 0 1 0 1 0 0 1 1 0 0 0 1 1 0 0 0 1 1 1 1 1 0 1 1 1 1 1 1 1 0 0 1 0 0 0 1 1 0 1 1 1 0 0 0 0 
T_R:45.5556
ACIERTOS: 169   FALLOS: 11   Porcentaje Acierto: 93.8889
266.225 seconds.
Tabu 2
1 1 1 1 1 0 0 1 1 0 0 0 1 1 1 0 1 0 0 1 1 1 1 1 0 1 1 1 1 0 1 0 1 0 0 1 1 0 0 0 0 1 0 1 0 1 1 1 0 0 0 0 1 1 0 0 1 0 1 1 0 0 1 1 0 0 0 0 1 1 0 1 0 0 1 1 1 1 1 1 0 0 1 1 0 1 1 0 0 0 
T_R:45.5556
ACIERTOS: 169   FALLOS: 11   Porcentaje Acierto: 93.8889
266.437 seconds.
Tabu 3
1 1 1 0 1 0 1 1 1 1 1 1 0 1 0 1 1 0 1 0 1 0 1 0 1 0 1 1 1 1 0 1 1 1 1 1 0 0 0 1 0 1 0 0 0 1 1 1 1 0 0 0 1 1 0 0 1 1 0 0 1 0 1 0 1 1 0 1 0 0 1 1 1 0 0 0 0 0 1 0 1 0 0 0 0 0 1 0 1 1 
T_R:45.5556
ACIERTOS: 166   FALLOS: 14   Porcentaje Acierto: 92.2222
267.234 seconds.
Tabu 4
1 1 1 0 0 0 0 0 1 1 1 1 1 1 0 1 1 0 1 1 0 1 1 0 1 0 1 1 0 1 1 0 1 1 0 0 0 0 0 0 1 0 1 1 1 0 0 1 0 0 0 1 1 1 0 1 1 0 1 0 1 0 0 1 0 1 0 0 0 1 1 0 1 1 0 1 0 0 0 0 1 1 0 0 0 1 1 0 1 1 
T_R:47.7778
ACIERTOS: 167   FALLOS: 13   Porcentaje Acierto: 92.7778
262.108 seconds.
Tabu 5
0 1 1 0 1 1 0 0 1 0 0 0 1 1 1 0 1 1 0 1 0 1 1 1 1 0 1 0 0 1 1 0 1 0 1 1 0 1 1 1 1 1 0 1 0 0 0 0 0 0 1 1 0 1 0 0 0 1 0 0 0 0 1 1 0 0 0 1 0 0 0 0 0 0 0 1 0 0 0 1 0 0 0 1 1 1 1 1 1 0 
T_R:53.3333
ACIERTOS: 170   FALLOS: 10   Porcentaje Acierto: 94.4444
263.093 seconds.
Tabu 6
1 1 0 1 1 1 0 1 0 0 0 0 0 1 0 0 1 1 1 1 1 0 1 0 1 1 0 1 0 0 0 1 1 0 0 1 1 1 1 0 0 1 0 1 1 1 0 1 1 1 0 1 1 1 1 0 1 0 0 0 1 1 1 1 0 0 0 1 1 0 0 0 1 0 1 0 0 1 1 1 0 0 0 1 1 0 1 0 1 1 
T_R:44.4444
ACIERTOS: 172   FALLOS: 8   Porcentaje Acierto: 95.5556
266.072 seconds.
Tabu 7
0 0 1 0 0 1 1 0 1 0 1 0 1 0 1 1 0 0 1 1 0 1 0 1 1 1 1 1 1 1 0 0 1 1 1 0 0 1 1 1 0 0 0 0 0 1 0 0 1 1 1 0 0 1 1 0 0 0 1 1 0 0 1 0 1 1 0 1 0 0 1 0 1 0 0 1 1 1 1 1 0 1 0 0 0 0 1 1 0 0 
T_R:48.8889
ACIERTOS: 165   FALLOS: 15   Porcentaje Acierto: 91.6667
266.817 seconds.
Tabu 8
0 0 0 0 0 0 1 1 0 0 0 0 1 0 1 0 0 1 0 0 0 0 0 1 1 1 0 0 1 0 0 0 0 1 1 0 0 0 1 1 0 1 1 0 0 1 0 1 0 0 1 1 0 1 0 0 1 0 0 0 1 0 1 0 1 1 1 0 0 0 0 1 1 0 1 1 1 0 0 0 0 0 0 1 0 0 0 1 1 1 
T_R:61.1111
ACIERTOS: 169   FALLOS: 11   Porcentaje Acierto: 93.8889
260.695 seconds.
Tabu 9
0 0 1 1 1 1 1 0 0 0 0 0 1 1 1 0 0 1 1 0 1 1 0 0 1 1 0 0 1 1 0 1 0 0 1 0 0 0 1 1 0 0 0 0 1 0 0 0 1 1 1 0 0 0 1 0 0 1 1 0 0 1 0 0 1 0 1 0 1 1 1 1 1 1 0 1 1 1 0 1 0 0 0 0 1 0 1 1 1 1 
T_R:50
ACIERTOS: 163   FALLOS: 17   Porcentaje Acierto: 90.5556
268.035 seconds.
Tabu 10
0 1 1 0 0 0 1 0 0 0 0 1 0 0 0 0 1 0 0 0 0 0 0 0 1 1 0 1 0 0 1 0 1 0 1 1 0 1 0 1 0 1 0 1 1 0 0 0 0 1 0 0 1 0 1 0 0 0 0 1 0 0 0 0 1 0 0 1 1 1 0 1 0 0 0 1 1 1 0 1 0 0 1 0 0 0 1 0 0 0 
T_R:64.4444
ACIERTOS: 164   FALLOS: 16   Porcentaje Acierto: 91.1111
257.743 seconds.
Tabu 11
0 0 0 1 1 0 1 0 0 0 1 0 0 1 1 1 1 1 0 1 1 0 0 0 0 0 1 0 0 0 0 0 0 1 0 1 0 0 1 1 1 0 1 1 0 1 1 0 1 1 0 0 1 0 1 1 0 0 0 1 1 1 0 1 1 0 1 0 1 1 0 1 1 1 0 1 1 1 0 0 0 0 0 0 0 0 0 0 1 0 0 1 0 0 0 1 1 1 0 0 0 1 0 1 1 1 1 1 1 1 0 1 1 0 0 1 0 0 1 1 1 0 1 0 0 1 0 0 1 1 1 1 0 1 0 1 0 0 0 0 1 1 1 0 1 1 1 0 0 0 0 0 0 1 0 0 0 0 1 1 1 1 1 1 0 0 0 1 1 1 1 0 1 0 1 0 1 0 1 1 1 0 0 0 0 0 0 0 1 1 0 1 0 1 0 1 1 0 0 0 0 0 0 0 1 0 1 1 0 1 0 0 1 1 0 0 1 1 1 1 1 0 0 0 0 1 1 0 1 1 0 0 1 0 0 0 0 1 0 0 1 1 0 1 1 0 1 1 0 0 1 1 1 0 0 1 0 1 1 1 1 0 1 1 1 0 1 0 0 0 0 0 0 1 1 1 1 1 
T_R:51.0791
ACIERTOS: 157   FALLOS: 36   Porcentaje Acierto: 81.3472
891.524 seconds.
Tabu 12
1 0 1 1 1 0 0 0 1 0 1 1 0 1 1 0 1 0 0 0 1 0 0 0 1 1 0 0 1 0 1 0 1 0 1 1 0 0 0 1 0 1 1 1 1 0 0 1 1 1 1 0 0 1 1 0 1 0 1 1 1 1 0 1 1 0 1 0 1 1 1 1 0 0 0 0 0 0 0 1 0 0 0 0 1 0 0 0 0 1 0 0 1 0 1 1 1 0 0 0 1 1 0 0 1 1 0 0 1 0 0 1 0 1 0 0 1 0 1 0 0 1 1 0 1 1 1 0 1 0 1 1 1 1 0 1 0 0 1 1 1 0 1 1 1 0 0 1 0 0 1 1 1 1 1 1 0 0 1 1 0 1 1 1 1 1 0 0 0 1 1 1 1 0 0 0 0 0 0 0 1 1 1 1 1 1 0 1 1 1 1 1 0 1 0 0 1 0 1 1 1 1 0 1 0 1 1 0 0 0 1 0 1 1 0 1 1 0 0 0 1 1 1 1 1 0 0 0 1 0 0 1 0 0 1 1 1 1 0 0 0 0 0 1 0 1 0 0 1 0 1 1 0 1 0 1 1 1 1 0 0 0 1 1 0 0 1 1 1 1 0 1 0 0 0 0 1 1 
T_R:47.1223
ACIERTOS: 150   FALLOS: 43   Porcentaje Acierto: 77.7202
896.412 seconds.
Tabu 13
1 1 1 1 1 0 1 1 1 0 1 1 1 0 0 0 0 0 0 0 1 0 1 0 1 1 0 0 0 0 1 1 0 1 0 1 1 1 0 0 0 0 1 1 1 0 0 1 1 0 0 1 0 1 0 1 1 1 0 0 1 0 0 0 1 1 0 0 0 0 1 1 0 0 0 1 1 0 0 0 0 1 1 1 0 1 0 1 1 0 1 0 1 0 1 0 0 0 0 1 1 0 1 1 0 1 1 1 1 1 1 0 1 1 0 0 0 0 1 0 1 0 1 0 0 0 1 1 1 1 0 1 0 0 1 0 1 1 1 0 1 1 1 1 0 0 1 0 1 1 1 0 1 0 1 1 0 1 1 1 0 0 0 1 1 1 0 0 0 1 1 0 1 1 0 1 1 1 0 1 0 0 1 1 1 0 1 0 0 0 0 0 0 0 0 1 0 0 0 0 0 0 0 1 0 1 0 1 1 1 1 0 0 1 0 1 1 0 1 1 0 1 0 1 0 0 1 1 0 1 0 1 1 0 1 0 0 0 1 0 1 1 1 0 0 0 1 0 1 1 0 0 0 0 0 1 0 0 0 1 0 0 1 1 0 0 1 1 0 0 1 0 0 0 1 1 1 1 
T_R:50.3597
ACIERTOS: 157   FALLOS: 36   Porcentaje Acierto: 81.3472
893.261 seconds.
Tabu 14
0 0 0 0 0 0 0 1 1 0 1 0 1 1 0 1 0 0 0 1 1 0 0 0 1 0 0 0 0 0 1 1 1 1 0 1 1 0 1 1 0 1 1 0 1 0 1 1 0 1 0 1 1 0 0 0 1 0 0 0 0 0 1 0 0 1 0 1 1 1 0 0 1 0 1 1 0 0 1 0 1 0 1 0 1 0 1 0 0 1 0 1 1 0 0 1 0 1 0 0 1 1 1 0 1 0 0 1 1 0 0 0 0 1 0 0 0 1 0 1 0 1 1 1 0 0 0 1 1 0 1 1 1 0 1 0 1 0 0 1 1 1 1 0 1 0 1 0 1 0 0 1 1 1 1 1 0 0 1 0 1 1 0 1 0 0 0 1 1 1 0 0 1 1 1 1 1 0 0 0 1 0 1 1 0 1 0 1 0 0 0 1 1 1 0 1 1 1 0 0 0 0 1 0 0 0 0 1 0 1 1 0 1 1 1 0 1 0 1 0 1 1 0 1 1 1 0 1 1 1 1 0 0 0 1 1 1 0 1 0 1 0 0 1 0 1 0 1 1 0 1 1 0 1 1 0 1 1 0 1 0 0 1 0 0 1 1 0 1 0 0 1 1 0 1 1 1 0 
T_R:49.2806
ACIERTOS: 148   FALLOS: 45   Porcentaje Acierto: 76.6839
893.761 seconds.
Tabu 15
0 1 0 0 0 0 0 0 0 1 1 1 1 1 1 1 0 0 1 0 0 1 0 1 0 0 1 1 1 1 1 1 1 0 1 0 0 1 1 0 0 1 1 1 0 1 0 0 1 0 0 0 1 0 0 1 0 1 1 1 1 1 1 0 1 0 0 0 0 0 1 0 0 0 1 1 1 0 1 0 0 0 1 1 1 0 0 0 1 0 0 0 1 0 0 0 1 1 1 1 1 0 1 1 0 0 1 0 1 0 0 1 0 0 1 0 1 0 1 0 0 0 1 1 0 1 0 0 0 1 1 1 0 1 1 0 1 1 1 0 1 1 1 1 0 0 0 0 0 0 0 1 1 1 0 0 1 1 1 1 1 0 1 0 1 1 0 1 0 0 0 0 1 0 1 1 1 0 0 0 0 1 1 1 0 1 0 1 0 0 1 1 0 1 0 1 1 0 0 0 1 1 0 0 0 1 0 1 1 0 0 0 0 1 1 0 0 0 1 0 0 0 0 1 0 0 0 1 0 0 1 1 0 0 1 1 0 1 1 0 0 1 0 0 0 0 0 0 1 0 1 1 0 1 0 0 0 1 0 1 0 0 0 0 0 0 1 1 1 0 1 0 1 0 1 0 0 0 
T_R:53.9568
ACIERTOS: 146   FALLOS: 47   Porcentaje Acierto: 75.6477
895.512 seconds.
Tabu 16
0 1 0 0 1 0 0 0 0 1 0 0 0 0 1 0 0 1 0 1 1 1 1 0 0 1 1 1 0 0 1 1 1 0 0 0 0 1 0 1 0 1 1 1 1 0 0 1 0 0 0 1 1 0 0 1 0 0 0 0 0 1 0 1 0 1 1 1 0 0 1 0 1 0 0 0 0 0 0 0 1 0 0 0 0 0 1 0 0 0 1 0 0 0 0 0 1 1 0 0 1 1 0 1 1 1 1 1 1 0 1 1 1 0 0 1 1 1 1 0 1 0 0 1 0 0 1 0 0 0 0 1 0 1 0 1 1 0 1 1 0 0 0 0 0 1 0 0 0 0 1 0 0 1 1 0 1 1 0 0 0 1 1 1 1 1 0 1 1 0 0 0 0 0 0 0 0 0 0 0 0 1 0 1 0 0 0 0 0 1 0 0 0 1 0 1 0 0 0 0 0 0 1 1 0 0 0 1 1 0 0 0 1 0 0 0 1 1 0 1 1 1 0 1 1 0 0 0 0 0 1 0 0 1 1 1 1 0 0 1 1 0 1 0 0 0 0 0 1 1 1 1 1 1 1 0 0 1 1 0 0 1 0 0 0 1 0 0 0 1 1 1 0 0 0 1 1 0 
T_R:58.6331
ACIERTOS: 157   FALLOS: 36   Porcentaje Acierto: 81.3472
877.337 seconds.
Tabu 17
1 0 0 0 1 0 0 0 0 1 1 0 0 1 1 1 0 0 1 1 1 0 1 0 0 0 0 1 1 0 1 0 1 1 1 0 0 1 1 0 1 1 1 0 1 1 1 0 1 0 0 0 0 0 0 0 1 0 0 1 0 0 1 1 0 0 0 0 0 0 1 0 0 1 1 1 0 0 1 0 1 1 1 1 0 1 1 0 1 0 0 1 0 0 1 1 1 0 0 1 1 1 0 0 1 0 0 0 1 0 1 0 0 1 0 1 0 0 0 0 1 1 1 1 1 0 1 1 1 1 0 1 0 1 0 1 0 0 1 0 0 1 1 1 0 1 1 1 1 1 1 1 0 0 1 0 0 1 0 0 1 1 0 0 0 0 0 0 0 0 1 0 1 0 0 1 0 1 1 0 1 1 0 1 0 1 1 1 1 0 1 0 0 1 1 1 0 0 1 1 0 1 0 0 1 1 1 1 0 1 1 0 0 0 0 1 1 0 0 1 0 1 1 0 0 1 1 0 1 0 0 0 0 1 1 1 1 1 0 0 0 0 0 1 1 1 0 0 1 1 0 0 0 0 0 0 0 0 1 1 1 0 1 0 0 1 0 1 0 1 1 1 1 0 0 0 0 1 
T_R:51.4388
ACIERTOS: 156   FALLOS: 37   Porcentaje Acierto: 80.829
889.219 seconds.
Tabu 18
1 1 0 1 0 1 0 1 1 1 1 1 1 0 1 1 0 1 0 1 1 1 0 0 1 1 0 0 0 0 1 1 1 1 1 0 0 0 0 1 1 0 1 0 1 1 0 1 0 0 1 0 1 0 1 0 0 0 0 0 0 0 1 1 0 1 0 0 1 0 0 0 0 0 1 1 1 1 0 0 0 0 1 0 1 0 0 1 1 1 0 0 1 1 1 1 0 0 1 1 0 1 0 1 1 1 0 0 1 0 0 0 1 0 1 1 1 1 1 0 0 0 1 0 1 1 0 1 1 0 0 1 0 0 1 1 0 0 1 0 1 0 0 0 1 1 0 0 1 1 0 1 0 1 1 1 1 1 1 0 0 1 0 0 1 0 1 1 1 1 1 1 0 0 0 1 0 1 0 0 1 0 1 1 0 1 1 1 1 0 0 0 0 1 1 0 0 1 1 0 1 0 1 0 1 1 0 1 0 1 0 0 1 1 0 0 1 0 1 1 0 1 0 0 0 1 0 1 0 0 0 1 1 0 0 0 1 1 1 1 1 1 1 0 1 1 1 1 0 0 1 1 1 1 0 1 1 1 1 1 1 0 0 0 0 0 0 1 1 0 0 0 1 1 0 1 0 1 
T_R:47.1223
ACIERTOS: 159   FALLOS: 34   Porcentaje Acierto: 82.3834
894.475 seconds.
Tabu 19
0 0 1 1 1 0 1 1 0 0 1 0 0 0 1 1 1 1 1 0 0 1 0 1 1 1 1 0 1 0 1 0 0 1 0 0 0 1 0 0 0 1 0 0 1 1 1 1 1 1 0 0 1 1 0 1 1 1 1 0 0 0 1 0 1 0 0 0 1 0 1 0 1 1 1 1 1 1 1 1 1 1 1 1 1 1 0 1 1 0 1 1 0 1 0 1 0 1 0 0 0 0 1 1 0 0 1 1 0 0 0 1 1 1 1 1 1 0 1 1 0 1 1 1 1 0 1 0 0 0 0 0 1 0 0 0 0 0 1 1 0 1 1 1 1 1 0 1 0 0 1 0 1 1 0 1 1 0 0 0 0 0 0 1 0 1 1 0 1 0 1 1 0 0 1 0 1 0 1 1 1 0 0 1 0 0 1 1 0 1 0 1 1 1 1 0 1 1 1 0 0 1 0 0 0 0 1 0 0 1 1 0 0 1 0 0 0 1 1 0 0 1 1 1 1 1 1 0 1 0 1 0 0 1 1 1 1 1 0 1 0 1 0 1 1 0 1 0 1 1 1 0 1 0 1 1 0 0 1 1 0 0 0 0 1 1 0 1 0 0 1 1 1 0 0 0 0 1 
T_R:45.6835
ACIERTOS: 155   FALLOS: 38   Porcentaje Acierto: 80.3109
896.879 seconds.
Tabu 20
1 0 1 0 1 1 1 0 1 1 0 0 1 1 1 0 1 1 0 1 0 0 1 0 1 1 1 0 0 1 1 1 1 0 0 1 0 1 1 1 0 1 0 1 0 1 0 1 0 0 0 1 1 0 1 0 0 1 0 0 0 0 0 1 0 0 1 0 1 1 1 1 1 0 0 1 1 1 0 0 0 1 1 0 0 1 0 0 1 1 0 0 1 0 0 0 0 1 0 0 0 0 0 1 0 0 0 1 0 0 1 1 0 1 0 1 1 0 1 0 0 0 0 0 0 0 0 0 0 1 0 1 1 1 0 0 1 0 0 0 1 1 1 1 0 1 1 0 0 0 1 0 1 0 0 0 0 1 0 0 1 0 1 1 0 1 1 1 1 1 1 0 1 1 0 0 0 0 0 0 1 1 1 1 0 0 0 1 1 1 1 1 1 0 0 0 1 1 1 0 1 0 1 1 1 1 1 1 1 1 0 0 1 0 0 1 0 0 0 0 0 0 0 0 0 0 1 0 1 1 1 0 0 1 0 0 1 0 1 0 1 1 1 0 1 1 0 0 0 0 1 1 1 0 0 0 1 1 0 1 1 1 0 1 1 0 0 0 0 1 0 0 1 0 1 0 0 1 
T_R:52.1583
ACIERTOS: 150   FALLOS: 43   Porcentaje Acierto: 77.7202
894.378 seconds.
Tabu 21
0 0 0 1 0 1 1 0 0 0 1 0 1 0 0 0 1 1 0 1 0 1 0 0 0 0 1 1 1 1 
T_R:56.6667
ACIERTOS: 278   FALLOS: 7   Porcentaje Acierto: 97.5439
267.702 seconds.
Tabu 22
0 1 0 0 1 1 1 1 0 1 0 1 1 0 1 0 1 1 1 1 1 1 1 1 0 0 0 1 0 1 
T_R:36.6667
ACIERTOS: 279   FALLOS: 6   Porcentaje Acierto: 97.8947
275.178 seconds.
Tabu 23
0 0 1 1 0 1 1 0 0 0 0 1 0 1 0 0 1 0 1 1 0 0 1 0 1 1 1 1 0 0 
T_R:53.3333
ACIERTOS: 277   FALLOS: 8   Porcentaje Acierto: 97.193
264.964 seconds.
Tabu 24
0 0 0 1 1 1 0 0 1 1 0 0 0 0 1 0 1 0 0 0 0 0 0 1 1 1 1 1 1 0 
T_R:56.6667
ACIERTOS: 276   FALLOS: 9   Porcentaje Acierto: 96.8421
267.039 seconds.
Tabu 25
0 1 1 0 0 1 0 1 1 0 0 1 0 0 1 0 1 1 0 0 0 1 1 1 1 1 1 0 1 0 
T_R:46.6667
ACIERTOS: 276   FALLOS: 9   Porcentaje Acierto: 96.8421
266.883 seconds.
Tabu 26
1 0 0 0 0 1 1 0 0 1 0 0 0 1 0 0 1 0 0 1 1 0 1 0 0 1 0 0 1 1 
T_R:60
ACIERTOS: 280   FALLOS: 5   Porcentaje Acierto: 98.2456
262.495 seconds.
Tabu 27
0 1 0 0 1 1 0 0 0 0 0 1 0 1 1 0 1 0 0 1 0 0 0 0 1 0 0 1 0 0 
T_R:66.6667
ACIERTOS: 275   FALLOS: 10   Porcentaje Acierto: 96.4912
265.078 seconds.
Tabu 28
0 0 0 0 1 0 1 0 0 0 0 1 1 0 1 0 0 0 0 1 0 1 1 1 1 1 0 1 1 0 
T_R:56.6667
ACIERTOS: 281   FALLOS: 4   Porcentaje Acierto: 98.5965
264.575 seconds.
Tabu 29
1 0 0 1 0 1 1 0 0 0 1 0 0 1 0 0 0 1 1 0 0 0 1 1 1 0 0 0 0 1 
T_R:60
ACIERTOS: 274   FALLOS: 11   Porcentaje Acierto: 96.1404
261.712 seconds.
Tabu 30
0 0 0 1 0 0 0 0 1 1 1 0 1 0 1 1 0 0 1 1 0 0 0 1 1 1 0 0 0 1 
T_R:56.6667
ACIERTOS: 272   FALLOS: 13   Porcentaje Acierto: 95.4386
268.551 seconds.
