0 1 1 0 0 0 0 0 1 0 1 0 1 0 0 0 0 1 0 0 0 0 1 1 1 1 1 1 1 1 1 0 1 0 0 0 0 0 0 0 0 0 1 1 0 0 0 1 0 0 1 0 0 0 1 0 0 0 0 0 0 1 0 1 0 0 0 0 0 0 0 0 0 0 0 1 1 0 0 0 1 0 0 0 0 0 0 0 0 1 
T_R:70
ACIERTOS: 164   FALLOS: 16   Porcentaje Acierto: 91.1111
341.253 seconds.
0 1 0 0 0 0 0 0 0 0 0 1 0 0 0 1 0 0 0 0 0 0 0 0 0 1 0 1 0 0 0 0 0 0 0 0 0 1 0 0 1 0 1 0 0 0 1 0 1 0 1 0 1 1 0 1 0 1 0 0 1 0 1 0 0 0 0 1 1 0 0 1 0 1 0 0 1 0 0 0 0 0 1 0 1 0 1 0 0 1 
T_R:71.1111
ACIERTOS: 172   FALLOS: 8   Porcentaje Acierto: 95.5556
341.275 seconds.
0 1 1 1 1 1 1 0 0 0 0 1 1 0 0 1 0 1 0 1 0 1 0 1 0 1 1 1 1 1 1 1 0 0 0 0 0 0 1 0 0 0 0 1 0 0 0 0 0 1 1 0 0 0 0 0 0 0 0 0 0 0 0 1 0 1 0 0 0 0 0 0 0 0 0 0 1 0 0 0 0 0 0 0 0 0 0 0 0 0 
T_R:70
ACIERTOS: 157   FALLOS: 23   Porcentaje Acierto: 87.2222
332.961 seconds.
0 1 1 0 0 0 0 0 0 1 0 1 0 1 1 0 1 1 1 0 1 0 0 0 0 1 0 1 0 0 0 1 0 1 0 0 0 0 1 0 1 0 1 0 0 0 0 1 0 1 0 0 0 0 0 0 0 0 0 0 0 0 0 0 1 1 1 0 0 0 0 0 0 0 0 0 0 0 0 0 1 0 1 0 1 0 0 1 0 1 
T_R:70
ACIERTOS: 163   FALLOS: 17   Porcentaje Acierto: 90.5556
337.743 seconds.
0 1 1 0 1 0 1 0 1 1 0 0 0 1 1 1 0 1 0 0 0 0 0 0 0 0 0 0 0 0 0 0 0 0 0 0 0 1 0 0 0 1 0 0 0 0 0 1 0 0 1 0 0 0 0 0 0 0 0 0 0 0 1 0 0 0 1 0 1 0 0 0 1 0 0 0 1 0 0 1 0 0 1 1 1 1 1 0 1 1 
T_R:70
ACIERTOS: 169   FALLOS: 11   Porcentaje Acierto: 93.8889
334.248 seconds.
0 0 0 0 0 0 0 0 0 1 0 0 0 0 0 1 0 0 0 0 0 0 0 0 0 0 0 0 1 0 0 0 0 0 0 0 0 0 0 0 0 0 0 0 1 1 1 1 1 0 1 0 0 0 1 1 0 0 1 0 1 0 0 0 0 0 0 1 0 0 0 1 0 1 0 1 0 1 0 1 0 1 1 0 0 0 1 1 1 1 
T_R:72.2222
ACIERTOS: 162   FALLOS: 18   Porcentaje Acierto: 90
341.692 seconds.
0 0 1 1 0 1 0 0 0 0 0 0 0 0 0 0 0 0 0 0 0 1 0 1 0 1 0 0 0 0 0 0 0 0 0 0 0 0 0 0 0 0 0 0 0 0 0 0 0 0 1 1 0 0 0 0 0 0 0 0 0 0 0 0 1 0 0 0 0 0 0 0 0 0 0 0 0 0 0 0 0 0 0 0 0 0 0 0 0 0 
T_R:90
ACIERTOS: 159   FALLOS: 21   Porcentaje Acierto: 88.3333
360.436 seconds.
0 0 0 1 0 0 0 0 0 0 0 0 0 0 0 1 0 0 0 0 0 0 0 0 0 0 0 0 0 0 0 0 0 0 0 0 0 0 0 0 1 1 0 1 1 0 1 0 0 0 0 0 0 0 1 0 0 0 1 1 0 0 0 0 1 1 0 0 1 1 0 1 1 1 1 1 1 1 0 1 1 0 0 0 0 1 0 1 0 1 
T_R:71.1111
ACIERTOS: 167   FALLOS: 13   Porcentaje Acierto: 92.7778
340.499 seconds.
1 1 1 0 0 1 1 1 1 1 1 0 0 0 1 0 0 0 1 1 0 0 0 0 0 1 0 1 0 1 0 1 0 1 0 1 0 0 0 0 0 0 0 0 0 0 0 0 1 0 1 1 1 0 0 0 0 0 0 0 0 0 0 0 0 0 0 0 0 0 0 0 1 0 1 1 0 1 0 0 0 0 0 0 0 0 0 0 0 1 
T_R:70
ACIERTOS: 167   FALLOS: 13   Porcentaje Acierto: 92.7778
336.974 seconds.
0 1 1 1 1 1 1 1 1 0 0 1 0 1 0 0 0 1 0 1 0 1 0 0 0 1 0 1 0 0 0 0 0 0 0 0 0 0 0 0 0 0 0 0 0 0 0 0 0 0 0 0 0 0 0 0 0 0 0 0 0 0 0 0 0 0 0 0 1 0 1 0 0 0 1 0 1 0 0 0 0 0 0 0 0 0 0 0 0 0 
T_R:78.8889
ACIERTOS: 149   FALLOS: 31   Porcentaje Acierto: 82.7778
337.192 seconds.
0 1 1 1 1 1 1 1 0 1 1 1 1 1 1 1 1 0 0 1 1 1 1 1 1 1 1 1 0 1 
T_R:16.6667
ACIERTOS: 277   FALLOS: 8   Porcentaje Acierto: 97.193
94.7726 seconds.
0 1 1 1 1 0 1 1 0 1 1 1 1 1 1 1 1 1 1 1 1 1 1 1 1 1 1 1 1 0 
T_R:13.3333
ACIERTOS: 280   FALLOS: 5   Porcentaje Acierto: 98.2456
93.8018 seconds.
0 1 1 1 1 0 1 1 0 1 1 1 1 1 1 1 1 1 1 1 1 1 1 1 1 0 0 1 0 0 
T_R:23.3333
ACIERTOS: 279   FALLOS: 6   Porcentaje Acierto: 97.8947
96.3654 seconds.
0 1 1 1 1 0 1 1 1 0 1 0 1 1 1 1 1 1 1 1 1 1 1 1 1 0 0 1 0 0 
T_R:26.6667
ACIERTOS: 281   FALLOS: 4   Porcentaje Acierto: 98.5965
92.3761 seconds.
1 0 1 1 1 1 0 0 1 1 1 1 1 1 1 1 1 1 1 1 1 1 1 1 1 1 1 1 0 1 
T_R:13.3333
ACIERTOS: 277   FALLOS: 8   Porcentaje Acierto: 97.193
94.6326 seconds.
0 1 1 1 1 0 1 1 1 1 1 0 1 1 1 1 1 1 1 1 1 0 1 1 1 1 1 1 1 1 
T_R:13.3333
ACIERTOS: 284   FALLOS: 1   Porcentaje Acierto: 99.6491
96.1768 seconds.
0 1 1 1 1 0 1 1 0 1 1 1 1 1 0 1 1 1 1 1 1 1 1 1 1 1 1 0 1 1 
T_R:16.6667
ACIERTOS: 279   FALLOS: 6   Porcentaje Acierto: 97.8947
94.3114 seconds.
0 1 1 1 1 0 1 1 1 0 1 1 1 1 1 1 1 1 0 1 0 1 0 1 1 0 1 0 1 0 
T_R:30
ACIERTOS: 279   FALLOS: 6   Porcentaje Acierto: 97.8947
96.6726 seconds.
0 1 1 1 1 1 0 1 1 1 1 1 1 1 1 1 1 1 0 1 1 1 1 1 1 1 1 1 1 0 
T_R:13.3333
ACIERTOS: 280   FALLOS: 5   Porcentaje Acierto: 98.2456
93.5013 seconds.
0 1 1 1 1 1 1 1 1 0 1 1 1 1 1 0 1 1 1 1 1 1 1 1 1 1 1 1 1 0 
T_R:13.3333
ACIERTOS: 280   FALLOS: 5   Porcentaje Acierto: 98.2456
92.6282 seconds.
0 1 0 0 0 0 0 0 0 0 0 0 0 0 0 0 0 0 0 0 1 0 0 0 0 0 0 1 0 0 0 0 0 0 0 0 0 0 0 0 0 0 1 0 0 0 0 1 0 0 0 0 1 0 0 0 1 1 0 0 0 0 0 0 0 0 0 0 0 0 0 0 0 1 0 0 0 0 0 0 0 0 1 1 1 0 0 0 0 0 1 0 1 0 0 0 0 0 0 0 0 0 0 0 0 0 1 0 0 1 0 0 0 0 0 0 1 0 0 0 0 0 0 0 0 0 0 0 0 0 0 1 0 1 0 0 0 0 0 0 0 0 0 0 0 0 1 0 0 0 0 0 0 0 0 0 0 0 0 0 0 0 0 0 0 0 0 0 0 0 0 0 0 0 0 0 0 0 0 0 0 0 1 0 0 0 0 0 0 0 0 1 0 0 0 0 0 0 0 0 0 0 0 0 0 0 0 0 0 0 0 0 1 0 0 0 0 0 0 0 0 0 0 1 0 0 0 0 0 0 0 0 0 0 0 0 1 0 0 0 0 0 0 0 0 0 0 0 0 0 0 0 0 0 0 0 0 0 0 0 0 0 0 0 0 0 0 0 0 1 0 0 0 0 0 0 0 0 
T_R:90.6475
ACIERTOS: 158   FALLOS: 35   Porcentaje Acierto: 81.8653
3557.06 seconds.
