0 1 0 0 0 0 0 1 1 1 1 0 1 0 1 1 0 1 0 1 1 0 1 0 0 1 1 1 1 0 1 0 1 0 0 1 0 0 0 0 1 1 0 1 1 1 1 1 1 0 0 0 1 1 0 1 1 0 0 0 0 1 1 1 1 0 0 1 1 1 1 0 1 0 0 0 1 0 0 0 1 0 0 1 1 0 0 1 0 1 
T_R:48.8889
ACIERTOS: 170   FALLOS: 10   Porcentaje Acierto: 94.4444
31.9083 seconds.
1 1 0 0 0 0 0 0 0 1 1 0 1 0 1 0 0 0 0 0 1 1 1 1 1 0 0 1 1 0 1 0 1 1 1 1 1 1 1 0 0 0 1 0 0 0 1 0 1 0 1 1 1 1 0 0 0 1 0 1 0 1 0 1 0 1 1 0 0 0 1 0 0 0 0 0 1 1 0 1 1 1 1 1 1 1 1 0 1 0 
T_R:48.8889
ACIERTOS: 170   FALLOS: 10   Porcentaje Acierto: 94.4444
27.1619 seconds.
0 1 0 0 1 1 1 0 0 0 0 1 0 1 1 1 1 0 0 0 1 0 0 1 0 1 1 1 0 1 0 1 1 1 0 0 1 1 1 1 1 0 0 1 1 0 0 1 1 1 0 1 0 0 1 1 1 1 1 0 0 1 1 1 0 1 1 0 1 1 0 0 1 0 0 1 1 1 1 1 1 0 1 1 1 0 0 1 0 1 
T_R:41.1111
ACIERTOS: 164   FALLOS: 16   Porcentaje Acierto: 91.1111
37.6216 seconds.
1 1 1 0 1 1 0 0 1 0 1 0 1 0 0 1 0 0 1 0 0 0 1 1 0 0 0 1 0 0 1 0 0 0 1 1 1 1 1 1 1 1 1 0 0 0 0 1 0 0 0 0 1 0 1 0 1 0 1 0 1 1 1 0 0 1 1 1 1 0 0 1 1 0 0 1 0 0 1 0 1 1 0 1 1 1 0 1 0 1 
T_R:48.8889
ACIERTOS: 165   FALLOS: 15   Porcentaje Acierto: 91.6667
30.7618 seconds.
0 1 0 0 1 0 0 1 1 1 1 1 0 1 0 1 0 0 1 0 1 1 1 0 0 1 1 1 1 0 0 1 1 0 0 0 0 1 0 1 1 0 0 1 0 1 0 0 0 1 1 0 0 1 1 1 0 1 0 1 0 0 1 0 1 1 1 1 1 1 1 1 1 1 0 0 1 0 1 1 0 1 0 1 0 0 0 0 0 1 
T_R:46.6667
ACIERTOS: 170   FALLOS: 10   Porcentaje Acierto: 94.4444
28.8011 seconds.
1 0 1 0 0 0 1 0 1 1 1 1 1 0 1 0 1 1 1 1 0 0 1 1 0 0 0 0 1 0 0 0 0 0 1 1 1 1 1 1 1 0 1 0 0 0 0 0 0 1 1 0 0 1 0 1 1 0 1 0 1 1 1 1 0 0 0 0 1 0 0 0 0 1 1 1 0 0 1 1 0 0 0 0 1 1 1 1 0 1 
T_R:50
ACIERTOS: 170   FALLOS: 10   Porcentaje Acierto: 94.4444
34.016 seconds.
1 0 0 0 0 0 0 0 0 1 0 1 0 1 1 0 0 1 1 0 1 0 0 0 1 1 1 1 1 1 0 0 1 0 0 0 1 0 0 1 0 1 0 1 1 0 0 1 1 1 1 1 0 0 1 0 1 1 1 1 1 1 0 1 0 1 1 0 0 0 0 1 1 0 1 1 1 1 1 1 1 1 1 1 1 0 1 1 1 0 
T_R:43.3333
ACIERTOS: 165   FALLOS: 15   Porcentaje Acierto: 91.6667
28.7597 seconds.
0 1 1 1 1 1 0 1 0 0 1 0 1 0 1 1 1 0 1 0 0 0 1 0 0 0 0 0 1 0 0 0 0 1 0 1 0 0 1 0 0 0 0 0 0 0 1 1 0 1 0 1 0 1 1 0 0 1 1 1 1 1 0 0 1 0 0 0 1 1 1 1 0 1 1 0 0 0 1 1 0 1 0 0 1 1 0 0 0 1 
T_R:54.4444
ACIERTOS: 170   FALLOS: 10   Porcentaje Acierto: 94.4444
30.7065 seconds.
0 1 0 1 0 0 0 1 1 1 1 0 1 1 1 1 1 1 0 1 0 1 0 1 0 0 1 1 0 0 1 0 0 0 1 1 0 0 0 1 0 0 0 1 1 0 1 0 0 0 0 1 0 1 0 0 1 1 1 1 1 1 0 1 0 1 0 1 0 0 0 0 1 0 0 1 1 0 1 1 1 0 0 1 1 1 1 1 1 1 
T_R:46.6667
ACIERTOS: 166   FALLOS: 14   Porcentaje Acierto: 92.2222
29.2388 seconds.
0 0 0 1 0 1 0 1 1 1 0 0 0 0 1 1 0 0 0 0 0 0 1 0 1 1 0 0 1 1 1 1 1 0 1 0 0 1 1 1 1 0 0 0 0 1 1 0 0 1 0 0 1 0 0 0 1 1 0 1 1 1 1 1 0 1 1 0 0 1 0 1 0 1 1 1 0 0 1 1 1 1 1 1 1 0 1 1 1 1 
T_R:45.5556
ACIERTOS: 164   FALLOS: 16   Porcentaje Acierto: 91.1111
32.7606 seconds.
0 0 0 0 1 1 1 0 1 1 0 0 0 1 1 0 0 0 0 1 0 0 0 1 0 0 1 0 0 0 0 0 1 0 1 0 1 1 1 0 1 0 0 1 0 1 1 1 1 1 1 1 1 1 1 1 1 0 1 0 0 1 1 1 1 0 0 1 0 1 0 1 0 1 0 0 1 1 1 1 0 0 1 1 0 0 1 0 0 1 1 0 1 0 1 1 0 1 0 0 1 0 1 0 0 0 0 1 1 1 1 0 0 1 0 0 1 1 1 1 0 1 0 0 0 1 1 1 1 0 1 1 0 1 1 1 0 1 0 0 0 0 0 0 1 1 1 1 0 0 1 0 1 0 0 0 0 1 1 1 0 1 1 1 0 1 1 1 1 1 0 0 0 0 0 0 0 1 0 0 0 1 0 1 1 1 1 1 0 0 0 1 0 0 1 0 0 0 1 0 0 0 0 0 1 0 1 1 0 1 1 0 1 0 1 1 0 1 0 0 0 0 1 0 1 1 0 0 1 1 0 1 0 1 1 0 0 0 1 1 0 0 0 0 1 0 1 1 0 0 1 1 0 1 0 1 0 0 1 0 0 1 1 1 0 0 1 0 1 1 0 0 0 0 1 0 1 1 
T_R:51.0791
ACIERTOS: 155   FALLOS: 38   Porcentaje Acierto: 80.3109
131.439 seconds.
1 0 0 1 0 1 0 0 0 1 1 0 0 0 1 0 1 0 0 0 0 1 1 1 0 1 1 0 1 1 1 0 1 0 0 1 0 0 0 0 0 0 0 0 0 0 1 0 0 1 1 1 0 0 1 0 0 0 1 0 0 1 0 1 0 1 0 1 0 0 0 1 1 1 1 0 1 0 1 0 1 0 0 0 1 1 1 1 1 0 1 0 0 1 1 1 0 0 1 0 0 1 1 0 1 1 0 1 0 1 1 0 0 0 1 1 0 0 0 1 0 0 1 1 1 0 1 0 0 1 1 1 1 0 1 0 1 0 1 0 0 1 0 0 0 1 1 1 0 0 0 0 0 1 0 1 0 1 0 0 1 0 0 1 1 1 0 1 1 1 0 1 0 0 1 1 0 0 0 1 1 1 1 1 0 0 1 0 1 0 0 1 1 0 1 0 1 0 0 0 1 0 1 0 1 0 1 1 1 0 0 1 1 1 1 0 1 0 1 0 1 1 1 1 1 1 1 0 1 0 0 1 1 0 0 0 0 0 1 1 0 1 1 1 0 1 0 0 1 0 1 0 0 0 0 1 1 0 0 1 1 0 1 0 1 1 1 0 0 1 0 0 1 0 1 1 1 0 
T_R:51.0791
ACIERTOS: 150   FALLOS: 43   Porcentaje Acierto: 77.7202
122.559 seconds.
1 0 0 1 0 0 0 0 0 1 0 0 1 1 0 1 1 0 1 1 0 1 0 1 1 0 1 0 1 0 1 1 1 1 1 1 0 0 1 1 1 0 0 0 0 0 1 0 1 0 1 1 1 0 0 0 1 1 1 0 0 0 0 0 1 1 1 0 1 0 1 1 0 0 1 0 0 0 0 0 1 0 0 1 0 1 0 0 1 0 0 0 1 1 0 0 0 1 0 0 0 1 1 1 1 0 0 0 0 0 1 1 1 0 0 1 1 1 1 1 0 1 0 1 0 0 0 1 0 1 1 1 1 0 0 0 0 1 1 0 1 0 1 0 1 1 1 0 1 0 1 0 1 0 0 0 0 1 0 1 0 0 1 1 0 0 0 0 0 0 0 0 1 1 0 1 1 1 0 1 0 1 0 0 1 0 1 1 0 1 1 1 0 0 0 0 1 0 0 1 1 0 0 1 1 0 1 1 0 0 0 1 1 1 0 0 1 0 0 1 0 0 1 0 1 0 1 0 1 0 0 1 0 0 1 1 0 1 0 1 1 1 0 0 1 0 1 0 0 0 1 1 0 1 1 1 0 0 0 1 1 0 1 0 1 0 1 0 0 1 0 0 1 0 0 1 1 0 
T_R:53.2374
ACIERTOS: 149   FALLOS: 44   Porcentaje Acierto: 77.2021
120.9 seconds.
0 0 0 1 0 0 1 0 1 0 1 0 0 0 1 0 0 0 1 0 0 1 1 0 1 1 0 1 1 0 0 1 1 1 1 1 1 0 0 0 0 1 0 1 0 1 1 1 0 0 0 0 0 0 0 1 0 1 0 1 0 0 0 1 1 0 1 1 0 1 1 0 1 0 0 0 1 1 0 1 1 1 0 1 1 0 0 1 1 0 0 0 0 1 1 0 1 0 0 0 0 1 0 0 1 1 1 0 1 1 1 0 0 1 1 0 0 1 0 0 1 1 0 0 0 1 1 0 1 1 1 1 1 1 1 0 1 1 1 0 0 1 0 1 1 1 1 1 1 1 0 1 1 0 0 0 1 0 0 1 0 0 1 1 0 0 0 0 1 0 1 1 0 0 1 0 1 1 0 0 0 0 1 1 0 1 0 0 1 1 1 1 1 0 0 1 0 0 1 1 1 1 0 0 0 0 0 0 1 0 1 0 1 0 0 0 1 0 0 1 0 1 1 1 0 0 1 0 1 0 0 1 0 0 1 0 0 0 0 0 1 1 1 0 1 0 0 1 1 1 0 1 1 0 0 0 0 1 1 0 1 1 1 0 0 0 0 0 0 1 1 1 1 1 1 0 0 1 
T_R:51.4388
ACIERTOS: 145   FALLOS: 48   Porcentaje Acierto: 75.1295
118.479 seconds.
0 1 0 1 0 1 1 1 1 1 0 1 0 0 1 1 1 1 0 1 1 0 1 0 0 0 1 0 0 1 1 1 1 1 1 1 0 0 0 0 1 1 1 1 0 1 0 0 0 1 1 1 0 1 0 1 1 1 1 1 1 1 0 0 0 1 1 0 0 0 0 1 0 1 0 0 1 1 0 1 1 0 0 0 0 0 0 0 1 0 0 1 0 0 1 1 0 0 1 0 0 1 1 1 1 1 1 0 1 0 1 1 0 1 1 1 1 0 1 1 0 0 1 0 1 0 0 0 0 0 1 1 0 0 1 0 0 0 0 0 1 1 1 0 0 1 0 0 1 0 0 0 0 1 1 1 0 1 0 0 1 0 1 0 1 0 1 1 1 1 0 0 1 1 1 1 0 1 0 1 1 0 0 1 0 1 1 0 1 1 1 1 1 0 0 1 0 0 1 1 1 1 0 1 1 0 0 0 1 1 1 0 1 0 1 0 1 1 1 0 0 1 0 1 0 0 1 0 0 1 1 1 0 0 0 1 0 1 0 0 0 1 0 0 0 1 1 0 0 0 1 0 0 1 1 1 0 1 0 1 1 0 1 1 1 1 1 1 0 0 0 1 1 0 1 1 1 1 
T_R:46.7626
ACIERTOS: 155   FALLOS: 38   Porcentaje Acierto: 80.3109
129.942 seconds.
0 0 0 1 0 0 1 0 0 0 0 1 0 1 0 1 0 0 0 1 0 1 0 0 0 0 0 0 0 1 1 0 1 0 1 1 1 0 1 0 1 0 1 1 0 0 0 0 1 0 0 0 1 0 1 1 0 0 0 0 1 0 1 0 0 1 1 1 0 0 1 1 1 0 0 1 1 1 1 1 1 1 1 1 1 0 1 0 1 0 0 0 0 1 0 1 1 0 1 1 0 0 1 0 0 0 0 1 0 1 0 0 1 0 1 0 0 0 1 0 0 0 0 1 1 0 0 1 0 0 1 1 0 1 1 1 0 0 0 1 0 0 0 0 0 1 0 1 1 0 0 1 1 0 1 0 0 1 1 1 1 0 0 1 0 1 0 1 0 0 1 0 1 0 1 0 0 0 1 0 0 0 1 0 0 1 0 0 1 0 1 1 0 0 1 0 1 1 0 1 1 0 0 1 1 1 1 1 1 0 0 1 1 0 1 0 0 1 1 1 1 1 1 0 0 0 1 0 0 1 0 0 0 0 1 0 1 0 1 1 1 0 0 1 0 0 0 1 1 1 0 1 1 1 0 1 0 0 0 1 0 0 0 1 1 1 0 1 1 0 1 0 0 1 1 0 0 0 
T_R:54.3165
ACIERTOS: 156   FALLOS: 37   Porcentaje Acierto: 80.829
116.096 seconds.
1 1 0 0 0 1 0 0 0 0 1 1 0 1 0 0 1 1 1 0 0 0 1 0 0 1 1 0 1 1 0 1 0 1 0 1 1 0 1 1 0 0 0 0 0 1 0 1 1 0 0 0 0 0 1 0 1 0 0 1 0 0 0 0 1 1 1 1 0 1 0 0 1 1 0 0 1 0 0 0 1 0 1 0 1 1 1 1 1 0 0 1 0 1 1 1 1 1 1 1 1 1 1 0 1 1 1 0 1 0 0 1 1 1 1 0 1 0 1 0 0 0 0 0 1 0 0 1 0 0 1 1 1 0 0 0 0 0 0 0 0 0 0 1 0 1 0 0 1 0 0 0 1 1 0 1 1 0 0 0 1 1 1 0 0 1 1 1 1 1 0 1 1 1 0 0 1 1 1 1 1 0 1 0 0 0 1 1 1 0 1 1 0 1 0 0 0 0 1 1 1 1 0 0 1 1 1 0 1 0 1 0 0 1 1 0 0 1 1 1 0 0 1 1 1 0 1 0 1 1 1 1 1 0 0 1 1 1 1 1 0 1 0 1 0 1 1 0 0 1 0 1 1 1 0 1 1 1 0 0 1 0 1 1 1 1 1 0 0 1 1 0 1 0 1 0 1 0 
T_R:47.1223
ACIERTOS: 157   FALLOS: 36   Porcentaje Acierto: 81.3472
116.275 seconds.
0 1 0 1 1 1 1 1 0 0 1 0 0 1 0 1 1 1 1 0 1 1 1 1 1 0 1 1 0 1 0 0 0 1 1 1 1 1 1 1 1 1 1 0 0 0 0 0 0 0 0 0 0 0 1 1 0 1 1 0 1 0 1 1 1 1 1 0 1 0 0 1 0 0 1 0 0 0 1 1 0 1 1 0 1 1 1 0 0 1 0 1 0 1 0 0 1 1 1 1 0 1 1 1 0 1 1 1 0 1 0 1 1 1 1 0 0 1 1 1 1 0 1 0 0 1 1 1 0 0 1 0 0 1 1 0 0 1 0 1 1 1 1 1 0 0 0 1 0 1 0 0 1 0 1 1 1 1 1 0 0 1 0 0 0 1 0 0 0 0 0 0 1 0 1 1 1 1 1 0 1 1 1 1 0 0 1 1 1 0 1 0 1 1 0 0 0 1 1 0 1 1 1 1 0 0 1 0 0 0 1 1 0 1 1 1 1 0 1 1 1 0 1 0 0 0 1 0 0 1 1 1 0 1 0 1 0 1 0 0 1 1 0 0 0 1 1 0 1 0 1 1 1 1 0 1 1 0 1 0 0 0 0 0 1 1 1 1 0 0 1 1 0 0 1 0 1 1 
T_R:43.8849
ACIERTOS: 155   FALLOS: 38   Porcentaje Acierto: 80.3109
111.857 seconds.
0 1 1 0 1 1 0 0 0 1 1 1 1 1 1 1 0 0 0 1 1 0 0 1 1 0 0 0 0 1 1 0 0 0 0 1 0 1 1 0 0 0 1 1 1 0 1 0 1 1 1 1 0 1 1 0 1 0 0 1 1 1 0 0 0 0 1 0 0 0 1 1 0 1 1 0 0 0 0 1 0 1 1 1 0 1 1 1 0 0 1 0 1 0 1 0 0 0 1 0 0 0 1 1 1 0 0 1 0 0 0 0 1 0 1 1 0 0 0 0 0 0 1 1 0 0 1 1 0 0 1 0 0 0 0 1 1 0 1 1 0 1 0 0 1 1 1 0 0 1 0 1 1 1 0 1 1 1 1 0 0 1 0 0 1 1 0 1 1 1 1 0 0 1 0 1 0 0 1 0 0 1 1 1 0 1 1 0 1 1 1 1 1 1 0 1 1 0 0 0 1 0 1 0 0 0 0 0 1 1 0 1 1 1 1 1 0 0 0 1 1 1 0 0 1 1 1 0 1 0 1 1 0 0 0 0 0 1 1 0 0 1 0 0 0 0 1 0 0 1 1 0 0 1 0 0 0 0 1 0 1 0 1 1 1 1 0 1 0 1 1 0 1 1 0 1 1 0 
T_R:50
ACIERTOS: 148   FALLOS: 45   Porcentaje Acierto: 76.6839
135.082 seconds.
0 1 1 0 1 1 0 0 0 1 0 0 1 0 1 1 1 0 1 1 0 0 1 0 1 1 0 0 1 1 0 0 0 0 0 1 0 0 1 0 1 1 0 1 1 1 0 1 0 1 1 0 0 1 1 1 1 0 0 1 1 1 0 1 1 0 1 1 0 0 1 1 0 0 0 0 0 1 0 0 1 1 1 0 0 0 1 1 1 0 1 0 0 0 1 0 0 0 1 1 1 0 1 1 1 1 1 1 0 1 1 1 1 1 0 0 0 1 1 0 1 0 0 0 1 0 1 1 1 0 1 0 1 1 1 0 1 0 0 1 0 0 0 1 1 0 0 0 1 0 0 1 0 0 1 0 0 1 1 0 1 0 1 0 0 0 1 0 1 1 0 0 0 0 1 0 1 0 1 0 0 1 0 1 0 1 0 1 0 1 1 0 1 0 0 0 1 0 1 1 1 0 1 1 0 0 0 1 1 1 1 0 1 0 0 1 0 1 0 1 0 0 0 1 0 1 1 0 1 0 1 0 1 0 1 0 0 0 1 0 0 1 1 0 0 1 1 1 0 1 0 0 0 0 0 1 0 0 1 1 0 1 1 1 0 0 0 0 1 0 0 0 0 0 1 0 0 1 
T_R:51.7986
ACIERTOS: 156   FALLOS: 37   Porcentaje Acierto: 80.829
157.35 seconds.
1 1 1 0 0 0 0 1 0 0 1 0 1 1 0 1 0 0 1 0 0 0 0 0 1 1 1 0 1 1 
T_R:53.3333
ACIERTOS: 277   FALLOS: 8   Porcentaje Acierto: 97.193
24.3965 seconds.
1 1 0 1 1 1 1 0 1 1 1 1 1 0 1 1 0 1 0 0 0 1 1 1 1 1 0 0 1 0 
T_R:33.3333
ACIERTOS: 279   FALLOS: 6   Porcentaje Acierto: 97.8947
24.9201 seconds.
1 1 0 0 0 0 0 0 0 1 1 1 0 0 0 1 1 1 0 0 0 0 1 0 1 0 0 0 0 1 
T_R:63.3333
ACIERTOS: 277   FALLOS: 8   Porcentaje Acierto: 97.193
25.6797 seconds.
0 0 0 1 0 1 0 0 1 0 1 0 0 0 0 1 1 1 0 1 0 1 0 1 1 1 1 1 1 1 
T_R:46.6667
ACIERTOS: 281   FALLOS: 4   Porcentaje Acierto: 98.5965
27.6051 seconds.
1 1 1 0 1 1 1 1 0 1 1 1 1 1 1 0 0 0 1 0 0 0 0 1 1 0 0 1 0 1 
T_R:40
ACIERTOS: 273   FALLOS: 12   Porcentaje Acierto: 95.7895
27.2535 seconds.
0 1 0 1 0 1 0 0 0 1 0 1 0 0 1 1 0 1 1 1 1 1 0 0 1 0 1 1 1 1 
T_R:43.3333
ACIERTOS: 280   FALLOS: 5   Porcentaje Acierto: 98.2456
26.616 seconds.
0 0 1 0 1 1 0 0 1 0 1 1 0 0 1 0 0 0 1 0 0 1 1 0 1 1 1 1 1 0 
T_R:50
ACIERTOS: 278   FALLOS: 7   Porcentaje Acierto: 97.5439
23.9284 seconds.
1 0 0 0 0 0 0 0 1 0 1 1 1 0 1 1 0 1 0 0 1 1 1 0 0 1 1 1 1 1 
T_R:46.6667
ACIERTOS: 281   FALLOS: 4   Porcentaje Acierto: 98.5965
22.4222 seconds.
0 1 1 0 0 0 0 1 0 1 1 1 0 1 1 0 1 0 1 0 0 1 1 0 0 0 1 1 0 0 
T_R:53.3333
ACIERTOS: 280   FALLOS: 5   Porcentaje Acierto: 98.2456
22.5046 seconds.
1 1 1 1 1 1 0 1 1 1 1 1 1 1 0 0 1 0 0 0 1 1 0 1 1 1 0 0 0 0 
T_R:36.6667
ACIERTOS: 273   FALLOS: 12   Porcentaje Acierto: 95.7895
19.4972 seconds.
