
0 1 0 0 0 0 0 0 1 0 1 1 1 0 1 1 0 1 0 0 1 1 1 0 0 1 1 1 1 1 1 1 1 0 0 0 0 1 0 1 1 1 0 1 1 0 1 0 1 0 0 1 1 0 0 0 1 1 0 0 0 1 1 1 1 1 0 1 1 1 1 1 1 1 0 0 1 0 0 0 1 1 0 1 1 1 0 0 0 0 
T_R:45.5556
ACIERTOS: 169   FALLOS: 11   Porcentaje Acierto: 93.8889
26.5169 seconds.
0 0 1 0 1 1 1 0 1 1 1 1 0 1 0 1 0 1 0 1 1 0 1 0 1 1 0 1 0 1 1 1 0 1 1 0 1 1 0 1 1 0 1 0 0 1 0 0 1 1 1 1 0 1 0 1 0 0 1 0 0 1 1 1 1 1 0 0 0 1 1 1 1 0 1 0 1 1 0 1 1 0 0 1 1 0 0 0 1 0 
T_R:42.2222
ACIERTOS: 171   FALLOS: 9   Porcentaje Acierto: 95
30.5995 seconds.
1 1 0 0 1 1 1 0 1 1 0 0 0 1 0 1 0 0 0 1 1 0 0 1 0 1 1 0 0 1 1 1 1 0 0 0 0 0 0 1 1 0 1 0 0 0 1 1 1 0 1 0 0 0 0 1 0 1 1 0 1 1 1 0 0 0 1 1 1 1 0 1 0 1 0 1 0 1 0 0 1 0 1 1 0 1 0 0 1 1 
T_R:50
ACIERTOS: 163   FALLOS: 17   Porcentaje Acierto: 90.5556
31.0528 seconds.
0 0 0 1 1 1 1 1 1 1 0 0 1 0 1 0 0 1 1 1 0 0 0 1 1 1 1 1 1 1 0 0 1 0 1 1 1 1 0 1 1 1 0 0 1 0 1 0 1 0 1 0 1 0 1 1 0 1 0 1 0 0 1 0 1 1 0 1 0 1 0 0 0 1 0 1 0 1 0 1 0 1 1 1 0 0 1 1 1 0 
T_R:43.3333
ACIERTOS: 165   FALLOS: 15   Porcentaje Acierto: 91.6667
25.0108 seconds.
0 1 1 1 1 1 1 1 0 0 1 0 0 0 0 0 0 0 0 0 1 1 1 0 0 1 0 0 1 0 0 1 1 0 0 1 1 1 0 1 0 1 0 1 0 0 0 1 0 0 1 1 0 1 1 0 1 0 0 0 1 0 0 1 1 1 1 1 1 0 0 0 1 1 0 0 1 1 1 0 1 1 0 0 0 0 0 1 0 0 
T_R:53.3333
ACIERTOS: 171   FALLOS: 9   Porcentaje Acierto: 95
25.0367 seconds.
1 1 1 0 0 1 0 0 0 1 1 0 1 1 0 0 1 0 1 1 1 1 1 1 0 1 1 1 1 1 1 1 1 1 0 1 0 1 1 0 1 0 1 1 0 0 1 1 1 1 0 1 1 1 1 0 0 0 0 0 0 0 0 1 0 1 0 1 0 0 0 0 0 0 0 1 1 0 0 1 1 1 1 1 0 1 0 1 1 1 
T_R:42.2222
ACIERTOS: 169   FALLOS: 11   Porcentaje Acierto: 93.8889
25.571 seconds.
0 0 1 1 0 1 0 0 0 1 1 1 0 0 1 0 1 0 0 0 0 1 1 0 0 1 1 0 0 0 0 0 1 0 1 1 0 1 1 0 0 1 0 1 0 1 0 1 1 1 1 0 1 0 1 0 0 0 0 1 1 1 0 1 1 1 1 0 0 1 1 0 0 1 0 1 1 1 0 1 0 1 0 1 1 0 0 1 0 0 
T_R:51.1111
ACIERTOS: 169   FALLOS: 11   Porcentaje Acierto: 93.8889
29.623 seconds.
1 1 0 0 1 1 1 1 0 1 0 0 0 1 1 0 1 1 0 0 1 1 0 1 0 1 1 1 0 1 0 0 1 0 0 0 1 0 1 0 1 0 0 1 1 0 0 0 1 1 0 1 0 0 1 0 1 1 1 1 0 1 1 1 0 1 1 0 1 0 0 0 1 1 0 1 1 1 1 1 1 1 1 1 1 0 0 0 0 1 
T_R:43.3333
ACIERTOS: 172   FALLOS: 8   Porcentaje Acierto: 95.5556
30.2569 seconds.
0 1 1 0 1 1 0 0 0 0 0 1 0 0 1 1 1 0 0 1 1 1 0 1 1 1 1 1 0 0 1 1 1 0 0 0 0 1 0 1 1 0 1 0 0 1 1 0 0 1 1 1 1 0 1 1 1 0 1 0 0 0 0 1 0 1 0 1 0 1 1 0 0 0 0 0 1 0 1 0 0 0 1 0 1 0 0 0 1 1 
T_R:51.1111
ACIERTOS: 165   FALLOS: 15   Porcentaje Acierto: 91.6667
30.1881 seconds.
0 1 0 0 1 0 0 1 1 1 0 0 0 0 0 1 1 0 1 0 0 0 1 1 0 1 1 1 1 1 0 0 1 1 0 0 0 0 0 1 0 1 1 1 1 1 1 0 0 0 0 0 0 0 0 0 1 0 1 1 0 1 1 0 1 1 1 0 1 1 0 0 1 0 0 0 1 1 1 0 1 0 1 0 1 1 1 1 1 0 
T_R:50
ACIERTOS: 165   FALLOS: 15   Porcentaje Acierto: 91.6667
30.164 seconds.
1 0 1 1 1 0 1 0 0 1 1 1 0 1 0 0 0 0 1 0 1 1 0 1 0 0 1 0 0 1 0 0 0 0 0 1 0 0 0 1 1 1 0 0 0 1 0 1 0 1 1 0 1 1 1 1 0 1 0 0 1 0 0 1 1 0 0 1 0 0 1 0 0 0 1 1 1 0 1 1 1 1 0 1 1 1 0 1 1 0 1 0 0 0 1 0 0 1 0 1 0 1 1 1 1 1 0 1 1 0 0 1 0 1 1 0 0 1 0 0 0 0 1 1 0 1 0 0 1 1 0 0 1 0 1 0 1 1 0 0 1 1 0 1 0 0 0 1 1 1 0 0 1 1 1 0 0 1 1 1 0 0 1 0 1 1 0 1 1 0 1 0 0 1 0 1 0 1 0 1 1 1 1 1 0 0 0 1 0 0 0 1 0 1 0 1 1 0 0 1 1 1 1 0 0 1 0 0 0 0 0 1 0 0 0 0 0 0 0 1 1 1 1 1 0 1 1 1 1 0 0 1 1 1 0 0 1 1 0 1 0 1 0 0 1 1 0 1 1 0 1 0 1 1 1 1 1 0 1 0 0 1 0 0 0 1 1 1 1 0 0 0 0 0 0 0 0 1 
T_R:50
ACIERTOS: 155   FALLOS: 38   Porcentaje Acierto: 80.3109
106.278 seconds.
1 0 1 0 1 0 0 0 0 0 0 1 1 0 0 0 0 0 1 1 1 1 0 0 0 1 0 1 1 1 0 0 0 0 1 0 1 1 1 0 1 0 1 1 0 1 0 1 1 0 0 0 1 0 0 1 0 1 0 1 0 0 0 1 0 1 1 1 1 0 1 1 0 1 1 1 0 0 1 0 1 1 1 1 0 1 1 1 0 0 1 1 1 0 0 0 0 0 0 1 1 0 1 1 1 1 0 0 1 0 1 0 0 1 1 0 0 0 0 1 0 1 1 1 0 0 0 0 0 0 0 0 1 0 0 1 1 1 0 1 0 1 0 1 1 1 1 1 1 0 1 0 1 0 1 0 0 1 1 1 1 1 0 0 0 0 0 0 0 1 0 0 0 0 1 0 1 1 1 1 1 0 1 1 0 1 0 1 0 1 0 0 1 1 0 0 0 1 1 0 0 0 1 0 0 0 0 0 0 1 0 1 0 0 1 0 0 0 0 1 0 0 0 0 0 1 0 0 0 1 0 0 1 1 0 1 0 0 0 0 0 0 1 0 1 0 0 0 0 1 1 1 1 0 0 0 1 1 0 1 1 1 1 1 1 1 0 0 0 0 1 0 1 0 1 0 0 0 
T_R:54.6763
ACIERTOS: 159   FALLOS: 34   Porcentaje Acierto: 82.3834
102.418 seconds.
0 0 0 1 0 0 1 0 1 1 0 0 1 1 1 1 1 1 1 0 1 1 1 1 0 0 0 0 0 1 1 0 1 0 1 1 1 1 1 1 1 0 0 1 1 0 0 0 0 1 0 1 1 1 1 0 1 0 1 1 0 0 1 0 1 1 1 1 0 0 0 1 0 0 1 1 0 1 0 0 1 0 0 1 1 1 1 1 0 0 0 1 0 1 1 0 0 0 0 0 0 0 1 1 0 0 0 1 0 0 0 0 1 1 1 0 0 0 0 1 0 1 1 0 0 1 1 1 0 1 0 1 0 1 0 1 1 1 1 0 0 1 1 0 0 0 1 1 1 0 1 0 0 1 1 1 1 1 0 1 1 1 1 0 1 0 1 0 0 1 1 0 0 0 0 1 0 1 0 1 1 1 0 0 0 0 1 1 0 0 1 0 1 1 0 0 1 1 0 0 0 0 1 1 0 1 0 0 1 1 1 1 1 1 0 0 1 1 0 1 1 0 0 0 1 0 0 1 0 0 0 0 0 0 0 0 0 0 0 1 0 0 1 1 0 1 0 1 1 0 0 1 0 0 0 0 1 1 0 0 1 0 1 0 1 1 0 1 1 0 0 0 1 1 0 0 0 0 
T_R:51.4388
ACIERTOS: 158   FALLOS: 35   Porcentaje Acierto: 81.8653
103.175 seconds.
0 1 0 1 0 1 0 0 1 0 0 0 1 0 0 0 1 1 0 0 0 1 1 1 0 1 1 1 1 0 1 0 0 0 0 1 1 0 0 1 1 1 1 0 1 0 0 0 1 1 1 1 1 0 1 0 1 1 0 0 0 1 1 0 1 0 0 1 1 1 1 0 0 1 1 1 0 1 0 1 1 1 0 1 1 0 1 0 0 1 0 0 1 0 0 0 1 0 0 0 1 0 1 0 0 1 0 0 0 1 0 0 0 1 0 1 0 0 1 0 1 0 0 1 1 1 0 0 0 1 0 1 1 0 0 0 0 0 0 0 0 0 0 0 0 1 0 0 1 1 1 1 0 1 1 1 0 1 0 0 0 1 0 1 0 1 0 1 0 0 1 0 0 1 1 0 1 0 0 1 1 0 1 1 1 0 0 1 1 1 0 1 1 1 0 0 0 1 0 0 1 1 0 0 1 0 1 0 0 0 1 0 1 0 1 0 1 1 0 0 0 0 1 0 0 1 0 1 1 1 1 0 1 1 1 0 1 0 1 0 1 1 1 1 1 0 0 1 0 0 0 0 1 0 0 1 1 0 1 1 1 1 0 0 1 1 1 1 1 0 0 1 0 0 0 1 0 0 
T_R:52.1583
ACIERTOS: 148   FALLOS: 45   Porcentaje Acierto: 76.6839
100.366 seconds.
0 0 0 1 0 1 0 1 1 1 0 1 0 1 1 0 1 1 1 1 1 0 1 1 1 1 1 1 0 0 0 1 1 1 1 0 1 0 0 1 0 1 1 0 1 1 0 1 0 1 0 1 1 0 0 1 1 1 0 1 0 0 1 1 0 1 0 1 0 0 1 1 1 0 0 0 1 1 0 1 1 1 1 1 1 1 0 1 0 1 1 0 0 1 1 0 0 1 0 0 1 1 0 0 1 0 1 1 0 0 0 0 1 1 0 0 1 0 0 0 0 1 1 0 0 0 0 0 0 1 0 0 0 0 0 0 1 1 1 1 0 1 1 0 1 1 0 1 0 0 1 1 1 1 0 1 0 0 1 0 0 0 0 0 1 1 0 0 0 1 1 0 1 0 0 1 0 1 0 1 1 0 1 1 0 1 1 1 1 0 1 0 1 0 1 1 0 1 0 0 0 0 0 1 1 1 1 1 1 1 1 1 0 0 1 1 1 0 1 0 1 1 1 0 0 0 0 0 1 0 1 1 1 0 0 0 1 0 1 1 0 0 1 0 0 0 1 1 0 0 0 1 1 1 1 0 1 1 0 0 1 1 1 1 0 0 0 1 1 0 0 1 0 0 1 0 1 1 
T_R:47.1223
ACIERTOS: 153   FALLOS: 40   Porcentaje Acierto: 79.2746
101.834 seconds.
1 1 0 0 0 1 1 0 1 1 0 1 1 1 1 1 0 1 0 0 1 0 0 1 1 0 0 1 1 1 0 0 0 0 0 1 1 1 1 1 1 1 1 0 1 1 0 0 1 0 0 1 0 1 0 1 0 0 1 0 1 1 0 1 0 0 0 0 1 0 0 1 0 0 0 0 1 1 1 1 0 0 1 0 0 0 1 1 0 0 1 0 0 0 1 0 1 0 0 1 1 0 1 1 0 1 1 0 0 0 0 0 1 0 1 0 0 0 1 0 0 0 1 0 0 0 0 1 0 0 1 1 1 0 0 0 1 0 0 1 0 0 1 0 1 1 0 0 1 0 0 0 0 1 1 0 0 1 1 0 0 1 0 0 0 0 1 1 1 1 1 1 0 0 1 1 1 1 1 0 1 1 1 1 0 0 1 0 1 1 1 1 0 0 0 1 0 0 0 0 1 1 1 1 1 0 0 1 0 1 0 0 1 0 0 1 0 0 1 0 0 0 0 1 0 1 1 1 0 1 1 0 0 1 0 1 0 0 1 0 1 1 1 1 1 0 1 0 0 0 0 0 0 1 0 0 1 0 0 0 1 1 0 0 1 1 0 0 0 0 0 0 0 1 1 1 1 1 
T_R:53.2374
ACIERTOS: 149   FALLOS: 44   Porcentaje Acierto: 77.2021
102.006 seconds.
0 0 0 0 0 0 0 1 1 0 1 0 1 0 0 1 0 0 0 1 0 0 0 1 1 1 0 1 1 1 1 0 1 0 0 1 1 1 1 1 1 1 1 1 0 1 1 0 1 1 0 0 0 0 1 1 1 1 1 0 1 0 0 0 1 1 1 0 1 0 0 1 1 0 0 0 1 1 0 0 1 0 1 1 1 0 0 0 0 1 1 1 0 0 0 0 1 0 1 0 0 1 1 0 1 0 1 0 1 1 1 1 1 0 1 1 1 1 1 0 1 1 0 0 0 0 0 1 1 0 0 1 1 1 0 1 1 0 0 1 1 0 1 1 0 1 0 0 1 0 0 0 0 0 1 1 0 1 1 1 1 1 0 0 1 1 1 0 0 0 1 0 1 1 0 0 1 0 0 1 0 1 0 0 0 0 0 0 0 0 1 1 1 1 1 0 0 1 1 1 1 1 1 1 0 1 1 0 0 1 1 1 0 0 1 1 0 1 0 0 0 1 0 1 0 0 0 0 1 1 1 1 0 0 0 1 1 1 1 1 1 1 0 0 1 0 0 0 0 1 0 1 1 1 0 1 1 1 0 0 0 0 0 0 0 0 1 0 1 0 0 0 0 0 1 1 0 0 
T_R:49.6403
ACIERTOS: 160   FALLOS: 33   Porcentaje Acierto: 82.9016
104.877 seconds.
0 0 0 0 0 0 0 0 0 0 0 1 1 1 1 0 1 1 0 1 0 1 1 1 1 0 0 1 1 1 0 0 0 0 0 1 1 0 0 0 0 1 1 0 0 1 0 0 1 1 1 1 0 0 0 1 1 0 0 0 1 0 1 1 0 0 0 1 1 1 1 1 1 1 1 1 1 1 1 1 1 0 0 1 1 1 1 0 1 0 1 1 1 1 0 0 1 1 1 0 1 0 1 1 1 0 0 0 0 1 0 0 1 0 0 0 1 1 1 1 1 0 0 0 1 0 1 0 0 1 0 1 0 0 0 0 0 0 0 1 0 1 1 1 1 0 0 0 0 1 0 0 1 0 1 0 0 0 1 0 1 0 0 1 0 1 0 0 0 1 0 0 0 0 0 0 0 0 1 0 0 1 1 0 0 1 0 1 1 0 1 1 1 0 1 1 1 1 1 0 1 0 0 0 1 0 1 0 1 0 0 0 0 0 1 1 0 0 0 0 1 1 1 1 1 0 0 1 1 1 0 0 0 1 1 0 0 0 1 0 1 0 1 1 0 1 0 0 0 0 0 1 1 0 1 1 0 0 1 1 0 1 1 1 1 0 0 0 0 1 0 0 0 1 0 1 0 1 
T_R:52.8777
ACIERTOS: 159   FALLOS: 34   Porcentaje Acierto: 82.3834
103.417 seconds.
0 0 1 0 0 0 1 1 1 0 0 1 0 0 1 0 1 1 1 0 1 1 1 1 1 0 1 1 1 0 1 1 1 0 1 0 0 1 0 0 1 1 0 1 0 1 0 1 0 1 0 1 1 1 0 1 0 1 1 0 1 0 1 1 1 1 1 1 0 1 0 1 1 0 1 0 1 0 1 0 1 0 1 1 1 1 0 1 1 1 1 1 0 0 0 1 0 1 0 0 0 1 1 1 1 0 0 0 1 1 0 0 1 1 0 0 1 0 1 0 1 1 0 1 0 0 1 1 1 0 0 0 0 0 1 0 1 0 0 0 0 0 1 0 1 1 0 0 0 0 0 0 1 1 1 0 1 1 0 1 1 0 0 1 0 0 0 0 0 0 1 0 1 0 0 1 1 0 1 1 0 1 0 0 1 0 0 1 1 1 0 0 1 1 1 0 0 1 0 0 0 0 0 1 0 0 0 1 0 1 1 0 1 0 0 0 0 0 0 0 1 1 0 1 1 1 0 1 0 1 1 0 1 0 0 0 1 0 1 0 1 1 0 0 0 0 0 1 1 1 1 0 0 0 1 0 0 1 0 0 1 1 0 0 1 0 0 1 0 0 1 1 1 0 0 1 1 0 
T_R:51.0791
ACIERTOS: 149   FALLOS: 44   Porcentaje Acierto: 77.2021
107.356 seconds.
0 0 0 1 0 0 1 0 0 0 1 0 0 1 1 0 1 1 0 0 0 0 1 0 1 0 1 1 1 1 0 0 1 1 0 0 0 1 1 0 1 0 0 1 1 0 0 1 1 0 0 0 0 1 0 0 1 0 1 1 1 0 1 1 0 1 1 0 1 1 0 0 1 0 0 1 1 0 0 0 1 0 0 1 0 1 0 1 1 0 0 0 1 0 1 1 1 0 0 1 1 1 1 0 0 1 0 1 0 0 1 1 0 0 1 0 1 0 0 1 1 1 0 1 0 1 0 0 1 0 0 1 1 0 0 1 1 0 1 0 1 0 0 1 0 0 0 0 1 1 0 1 0 0 1 0 1 0 1 1 0 0 0 1 0 1 1 0 0 1 0 1 1 0 1 1 1 0 1 0 1 1 0 0 1 0 1 1 1 1 0 0 1 0 1 0 0 1 1 0 1 1 1 1 0 0 1 0 0 1 0 0 1 1 0 0 1 1 1 0 0 0 1 0 1 1 0 1 0 0 0 1 1 1 0 0 0 1 1 1 0 0 0 1 0 0 1 0 0 1 1 1 1 0 1 0 0 1 0 0 0 0 1 1 0 1 1 1 1 0 1 0 1 1 1 0 0 1 
T_R:51.0791
ACIERTOS: 157   FALLOS: 36   Porcentaje Acierto: 81.3472
101.238 seconds.
1 0 1 0 0 0 1 0 1 0 0 1 1 0 0 0 0 1 0 0 0 0 0 0 1 0 0 1 1 1 
T_R:63.3333
ACIERTOS: 275   FALLOS: 10   Porcentaje Acierto: 96.4912
24.7985 seconds.
0 0 0 1 1 0 1 1 0 0 0 0 0 1 0 0 0 0 1 0 0 1 1 0 0 1 0 1 0 0 
T_R:66.6667
ACIERTOS: 280   FALLOS: 5   Porcentaje Acierto: 98.2456
24.8664 seconds.
0 1 1 0 0 1 1 0 1 0 1 0 1 1 0 1 1 0 0 1 0 0 0 1 0 0 1 0 1 0 
T_R:53.3333
ACIERTOS: 278   FALLOS: 7   Porcentaje Acierto: 97.5439
25.0566 seconds.
1 1 0 1 1 1 1 0 0 0 1 1 1 0 0 1 1 1 1 1 0 1 0 1 1 1 0 0 1 1 
T_R:33.3333
ACIERTOS: 280   FALLOS: 5   Porcentaje Acierto: 98.2456
25.4944 seconds.
1 1 1 1 0 1 0 1 1 0 0 1 1 0 0 1 1 1 1 1 0 0 1 0 0 1 1 0 0 0 
T_R:43.3333
ACIERTOS: 278   FALLOS: 7   Porcentaje Acierto: 97.5439
20.3464 seconds.
0 0 1 1 1 0 0 1 1 0 0 1 0 0 1 0 0 1 1 1 0 1 0 1 1 0 1 0 0 0 
T_R:53.3333
ACIERTOS: 281   FALLOS: 4   Porcentaje Acierto: 98.5965
25.5394 seconds.
1 1 0 0 0 0 1 1 1 0 1 0 1 0 1 0 1 1 1 0 0 1 0 1 1 0 0 0 0 1 
T_R:50
ACIERTOS: 278   FALLOS: 7   Porcentaje Acierto: 97.5439
24.5036 seconds.
1 1 1 0 1 0 1 0 1 0 0 0 1 0 1 1 1 0 0 1 0 1 1 0 1 0 0 0 1 1 
T_R:46.6667
ACIERTOS: 275   FALLOS: 10   Porcentaje Acierto: 96.4912
25.4206 seconds.
0 1 0 0 1 0 0 0 1 1 0 1 0 1 0 1 1 1 1 0 1 0 0 0 0 1 1 1 1 0 
T_R:50
ACIERTOS: 277   FALLOS: 8   Porcentaje Acierto: 97.193
25.0738 seconds.
1 1 1 0 1 1 0 1 1 0 0 1 1 1 1 1 0 0 1 0 1 1 0 0 1 0 1 1 0 1 
T_R:36.6667
ACIERTOS: 277   FALLOS: 8   Porcentaje Acierto: 97.193
20.2413 seconds.
